"Plot Title: 4"
"#","Date Time, GMT-07:00","Temp, °F (LGR S/N: 1156629, SEN S/N: 1156629)","Intensity, lum/ft² (LGR S/N: 1156629, SEN S/N: 1156629)","Coupler Attached (LGR S/N: 1156629)","Coupler Detached (LGR S/N: 1156629)","Host Connected (LGR S/N: 1156629)","Stopped (LGR S/N: 1156629)","End Of File (LGR S/N: 1156629)"
1,03/17/17 10:00:00 AM,71.856,0.0,,,,,
2,03/17/17 10:30:00 AM,76.354,22.0,,,,,
3,03/17/17 11:00:00 AM,76.528,5.0,,,,,
4,03/17/17 11:30:00 AM,77.400,4.0,,,,,
5,03/17/17 12:00:00 PM,79.151,6.0,,,,,
6,03/17/17 12:30:00 PM,81.266,8.0,,,,,
7,03/17/17 12:41:50 PM,,,Logged,,,,
8,03/17/17 12:41:51 PM,,,,Logged,,,
9,03/17/17 01:00:00 PM,98.110,10.0,,,,,
10,03/17/17 01:30:00 PM,96.555,6.0,,,,,
11,03/17/17 02:00:00 PM,94.825,5.0,,,,,
12,03/17/17 02:30:00 PM,100.483,11776.0,,,,,
13,03/17/17 03:00:00 PM,111.360,13312.0,,,,,
14,03/17/17 03:30:00 PM,107.046,9728.0,,,,,
15,03/17/17 04:00:00 PM,102.088,9216.0,,,,,
16,03/17/17 04:30:00 PM,95.976,6400.0,,,,,
17,03/17/17 05:00:00 PM,88.833,4864.0,,,,,
18,03/17/17 05:30:00 PM,82.686,3712.0,,,,,
19,03/17/17 06:00:00 PM,73.926,1152.0,,,,,
20,03/17/17 06:30:00 PM,66.537,416.0,,,,,
21,03/17/17 07:00:00 PM,59.337,18.0,,,,,
22,03/17/17 07:30:00 PM,56.230,0.0,,,,,
23,03/17/17 08:00:00 PM,54.495,0.0,,,,,
24,03/17/17 08:30:00 PM,53.100,0.0,,,,,
25,03/17/17 09:00:00 PM,51.346,0.0,,,,,
26,03/17/17 09:30:00 PM,50.466,0.0,,,,,
27,03/17/17 10:00:00 PM,49.228,0.0,,,,,
28,03/17/17 10:30:00 PM,48.695,0.0,,,,,
29,03/17/17 11:00:00 PM,49.228,0.0,,,,,
30,03/17/17 11:30:00 PM,47.802,0.0,,,,,
31,03/18/17 12:00:00 AM,46.728,0.0,,,,,
32,03/18/17 12:30:00 AM,46.548,0.0,,,,,
33,03/18/17 01:00:00 AM,46.369,0.0,,,,,
34,03/18/17 01:30:00 AM,47.624,0.0,,,,,
35,03/18/17 02:00:00 AM,47.088,0.0,,,,,
36,03/18/17 02:30:00 AM,46.548,0.0,,,,,
37,03/18/17 03:00:00 AM,45.828,0.0,,,,,
38,03/18/17 03:30:00 AM,45.104,0.0,,,,,
39,03/18/17 04:00:00 AM,43.831,0.0,,,,,
40,03/18/17 04:30:00 AM,43.282,0.0,,,,,
41,03/18/17 05:00:00 AM,42.732,0.0,,,,,
42,03/18/17 05:30:00 AM,42.363,0.0,,,,,
43,03/18/17 06:00:00 AM,41.439,0.0,,,,,
44,03/18/17 06:30:00 AM,41.439,0.0,,,,,
45,03/18/17 07:00:00 AM,41.439,128.0,,,,,
46,03/18/17 07:30:00 AM,44.013,352.0,,,,,
47,03/18/17 08:00:00 AM,58.303,1920.0,,,,,
48,03/18/17 08:30:00 AM,77.574,3584.0,,,,,
49,03/18/17 09:00:00 AM,89.569,5888.0,,,,,
50,03/18/17 09:30:00 AM,98.110,8704.0,,,,,
51,03/18/17 10:00:00 AM,98.503,9728.0,,,,,
52,03/18/17 10:30:00 AM,106.624,13824.0,,,,,
53,03/18/17 11:00:00 AM,113.587,15872.0,,,,,
54,03/18/17 11:30:00 AM,113.137,14336.0,,,,,
55,03/18/17 12:00:00 PM,121.093,17408.0,,,,,
56,03/18/17 12:30:00 PM,122.076,19456.0,,,,,
57,03/18/17 01:00:00 PM,120.362,19456.0,,,,,
58,03/18/17 01:30:00 PM,123.573,19456.0,,,,,
59,03/18/17 02:00:00 PM,122.324,19456.0,,,,,
60,03/18/17 02:30:00 PM,120.119,18432.0,,,,,
61,03/18/17 03:00:00 PM,117.498,16384.0,,,,,
62,03/18/17 03:30:00 PM,115.407,14848.0,,,,,
63,03/18/17 04:00:00 PM,108.322,9216.0,,,,,
64,03/18/17 04:30:00 PM,92.926,4096.0,,,,,
65,03/18/17 05:00:00 PM,85.014,4096.0,,,,,
66,03/18/17 05:30:00 PM,88.833,2944.0,,,,,
67,03/18/17 06:00:00 PM,73.926,992.0,,,,,
68,03/18/17 06:30:00 PM,67.564,464.0,,,,,
69,03/18/17 07:00:00 PM,60.883,14.0,,,,,
70,03/18/17 07:30:00 PM,57.268,0.0,,,,,
71,03/18/17 08:00:00 PM,55.537,0.0,,,,,
72,03/18/17 08:30:00 PM,53.973,0.0,,,,,
73,03/18/17 09:00:00 PM,53.973,0.0,,,,,
74,03/18/17 09:30:00 PM,52.050,0.0,,,,,
75,03/18/17 10:00:00 PM,51.523,0.0,,,,,
76,03/18/17 10:30:00 PM,52.050,0.0,,,,,
77,03/18/17 11:00:00 PM,49.937,0.0,,,,,
78,03/18/17 11:30:00 PM,49.937,0.0,,,,,
79,03/19/17 12:00:00 AM,52.925,0.0,,,,,
80,03/19/17 12:30:00 AM,52.925,0.0,,,,,
81,03/19/17 01:00:00 AM,48.517,0.0,,,,,
82,03/19/17 01:30:00 AM,46.728,0.0,,,,,
83,03/19/17 02:00:00 AM,45.828,0.0,,,,,
84,03/19/17 02:30:00 AM,44.195,0.0,,,,,
85,03/19/17 03:00:00 AM,44.195,0.0,,,,,
86,03/19/17 03:30:00 AM,43.466,0.0,,,,,
87,03/19/17 04:00:00 AM,42.915,0.0,,,,,
88,03/19/17 04:30:00 AM,42.915,0.0,,,,,
89,03/19/17 05:00:00 AM,44.379,0.0,,,,,
90,03/19/17 05:30:00 AM,45.104,0.0,,,,,
91,03/19/17 06:00:00 AM,45.466,0.0,,,,,
92,03/19/17 06:30:00 AM,47.624,0.0,,,,,
93,03/19/17 07:00:00 AM,49.050,152.0,,,,,
94,03/19/17 07:30:00 AM,51.699,288.0,,,,,
95,03/19/17 08:00:00 AM,65.851,1152.0,,,,,
96,03/19/17 08:30:00 AM,84.654,4096.0,,,,,
97,03/19/17 09:00:00 AM,95.207,6656.0,,,,,
98,03/19/17 09:30:00 AM,86.641,3072.0,,,,,
99,03/19/17 10:00:00 AM,108.322,11776.0,,,,,
100,03/19/17 10:30:00 AM,116.100,14336.0,,,,,
101,03/19/17 11:00:00 AM,119.397,15872.0,,,,,
102,03/19/17 11:30:00 AM,119.878,14848.0,,,,,
103,03/19/17 12:00:00 PM,116.562,16384.0,,,,,
104,03/19/17 12:30:00 PM,126.648,19456.0,,,,,
105,03/19/17 01:00:00 PM,124.331,16384.0,,,,,
106,03/19/17 01:30:00 PM,127.699,19456.0,,,,,
107,03/19/17 02:00:00 PM,121.338,15872.0,,,,,
108,03/19/17 02:30:00 PM,118.206,19456.0,,,,,
109,03/19/17 03:00:00 PM,120.362,18432.0,,,,,
110,03/19/17 03:30:00 PM,114.039,15360.0,,,,,
111,03/19/17 04:00:00 PM,103.717,5632.0,,,,,
112,03/19/17 04:30:00 PM,102.290,7168.0,,,,,
113,03/19/17 05:00:00 PM,97.331,7168.0,,,,,
114,03/19/17 05:30:00 PM,89.569,3456.0,,,,,
115,03/19/17 06:00:00 PM,73.753,576.0,,,,,
116,03/19/17 06:30:00 PM,70.480,400.0,,,,,
117,03/19/17 07:00:00 PM,66.879,11.0,,,,,
118,03/19/17 07:30:00 PM,65.509,0.0,,,,,
119,03/19/17 08:00:00 PM,63.968,0.0,,,,,
120,03/19/17 08:30:00 PM,63.797,0.0,,,,,
121,03/19/17 09:00:00 PM,60.712,0.0,,,,,
122,03/19/17 09:30:00 PM,57.268,0.0,,,,,
123,03/19/17 10:00:00 PM,56.750,0.0,,,,,
124,03/19/17 10:30:00 PM,55.884,0.0,,,,,
125,03/19/17 11:00:00 PM,55.189,0.0,,,,,
126,03/19/17 11:30:00 PM,54.322,0.0,,,,,
127,03/20/17 12:00:00 AM,53.973,0.0,,,,,
128,03/20/17 12:30:00 AM,53.973,0.0,,,,,
129,03/20/17 01:00:00 AM,55.364,0.0,,,,,
130,03/20/17 01:30:00 AM,56.230,0.0,,,,,
131,03/20/17 02:00:00 AM,56.057,0.0,,,,,
132,03/20/17 02:30:00 AM,56.750,0.0,,,,,
133,03/20/17 03:00:00 AM,56.750,0.0,,,,,
134,03/20/17 03:30:00 AM,54.842,0.0,,,,,
135,03/20/17 04:00:00 AM,53.100,0.0,,,,,
136,03/20/17 04:30:00 AM,53.973,0.0,,,,,
137,03/20/17 05:00:00 AM,52.925,0.0,,,,,
138,03/20/17 05:30:00 AM,54.495,0.0,,,,,
139,03/20/17 06:00:00 AM,54.147,0.0,,,,,
140,03/20/17 06:30:00 AM,55.537,0.0,,,,,
141,03/20/17 07:00:00 AM,54.495,168.0,,,,,
142,03/20/17 07:30:00 AM,56.577,672.0,,,,,
143,03/20/17 08:00:00 AM,65.167,2304.0,,,,,
144,03/20/17 08:30:00 AM,68.934,2304.0,,,,,
145,03/20/17 09:00:00 AM,70.824,3072.0,,,,,
146,03/20/17 09:30:00 AM,68.934,2048.0,,,,,
147,03/20/17 10:00:00 AM,73.062,4096.0,,,,,
148,03/20/17 10:30:00 AM,82.864,10752.0,,,,,
149,03/20/17 11:00:00 AM,110.264,16384.0,,,,,
150,03/20/17 11:30:00 AM,118.206,17408.0,,,,,
151,03/20/17 12:00:00 PM,122.572,18432.0,,,,,
152,03/20/17 12:30:00 PM,126.909,19456.0,,,,,
153,03/20/17 01:00:00 PM,126.909,19456.0,,,,,
154,03/20/17 01:30:00 PM,126.909,19456.0,,,,,
155,03/20/17 02:00:00 PM,125.096,19456.0,,,,,
156,03/20/17 02:30:00 PM,123.825,18432.0,,,,,
157,03/20/17 03:00:00 PM,120.119,17408.0,,,,,
158,03/20/17 03:30:00 PM,118.679,14848.0,,,,,
159,03/20/17 04:00:00 PM,115.407,13312.0,,,,,
160,03/20/17 04:30:00 PM,103.307,5120.0,,,,,
161,03/20/17 05:00:00 PM,102.493,6144.0,,,,,
162,03/20/17 05:30:00 PM,94.444,6656.0,,,,,
163,03/20/17 06:00:00 PM,76.528,336.0,,,,,
164,03/20/17 06:30:00 PM,69.793,200.0,,,,,
165,03/20/17 07:00:00 PM,64.310,17.0,,,,,
166,03/20/17 07:30:00 PM,62.425,0.0,,,,,
167,03/20/17 08:00:00 PM,60.024,0.0,,,,,
168,03/20/17 08:30:00 PM,57.441,0.0,,,,,
169,03/20/17 09:00:00 PM,57.614,0.0,,,,,
170,03/20/17 09:30:00 PM,56.750,0.0,,,,,
171,03/20/17 10:00:00 PM,55.537,0.0,,,,,
172,03/20/17 10:30:00 PM,54.147,0.0,,,,,
173,03/20/17 11:00:00 PM,53.274,0.0,,,,,
174,03/20/17 11:30:00 PM,51.523,0.0,,,,,
175,03/21/17 12:00:00 AM,49.582,0.0,,,,,
176,03/21/17 12:30:00 AM,48.517,0.0,,,,,
177,03/21/17 01:00:00 AM,47.624,0.0,,,,,
178,03/21/17 01:30:00 AM,49.050,0.0,,,,,
179,03/21/17 02:00:00 AM,49.228,0.0,,,,,
180,03/21/17 02:30:00 AM,47.802,0.0,,,,,
181,03/21/17 03:00:00 AM,49.404,0.0,,,,,
182,03/21/17 03:30:00 AM,50.995,0.0,,,,,
183,03/21/17 04:00:00 AM,51.874,0.0,,,,,
184,03/21/17 04:30:00 AM,51.699,0.0,,,,,
185,03/21/17 05:00:00 AM,52.050,0.0,,,,,
186,03/21/17 05:30:00 AM,51.172,0.0,,,,,
187,03/21/17 06:00:00 AM,51.346,0.0,,,,,
188,03/21/17 06:30:00 AM,50.290,0.0,,,,,
189,03/21/17 07:00:00 AM,49.937,122.0,,,,,
190,03/21/17 07:30:00 AM,52.050,464.0,,,,,
191,03/21/17 08:00:00 AM,57.268,864.0,,,,,
192,03/21/17 08:30:00 AM,60.883,1088.0,,,,,
193,03/21/17 09:00:00 AM,60.883,1728.0,,,,,
194,03/21/17 09:30:00 AM,72.545,3584.0,,,,,
195,03/21/17 10:00:00 AM,94.444,9216.0,,,,,
196,03/21/17 10:30:00 AM,105.161,11776.0,,,,,
197,03/21/17 11:00:00 AM,99.885,4352.0,,,,,
198,03/21/17 11:30:00 AM,116.100,16384.0,,,,,
199,03/21/17 12:00:00 PM,123.573,17408.0,,,,,
200,03/21/17 12:30:00 PM,128.763,18432.0,,,,,
201,03/21/17 01:00:00 PM,130.660,19456.0,,,,,
202,03/21/17 01:30:00 PM,132.044,19456.0,,,,,
203,03/21/17 02:00:00 PM,132.885,19456.0,,,,,
204,03/21/17 02:30:00 PM,130.660,19456.0,,,,,
205,03/21/17 03:00:00 PM,125.868,18432.0,,,,,
206,03/21/17 03:30:00 PM,120.605,16384.0,,,,,
207,03/21/17 04:00:00 PM,117.732,14848.0,,,,,
208,03/21/17 04:30:00 PM,110.264,13824.0,,,,,
209,03/21/17 05:00:00 PM,104.128,10240.0,,,,,
210,03/21/17 05:30:00 PM,88.282,3968.0,,,,,
211,03/21/17 06:00:00 PM,77.749,864.0,,,,,
212,03/21/17 06:30:00 PM,70.308,432.0,,,,,
213,03/21/17 07:00:00 PM,65.680,16.0,,,,,
214,03/21/17 07:30:00 PM,63.626,0.0,,,,,
215,03/21/17 08:00:00 PM,62.425,0.0,,,,,
216,03/21/17 08:30:00 PM,61.054,0.0,,,,,
217,03/21/17 09:00:00 PM,59.680,0.0,,,,,
218,03/21/17 09:30:00 PM,58.476,0.0,,,,,
219,03/21/17 10:00:00 PM,57.958,0.0,,,,,
220,03/21/17 10:30:00 PM,57.096,0.0,,,,,
221,03/21/17 11:00:00 PM,55.884,0.0,,,,,
222,03/21/17 11:30:00 PM,55.537,0.0,,,,,
223,03/22/17 12:00:00 AM,54.842,0.0,,,,,
224,03/22/17 12:30:00 AM,54.322,0.0,,,,,
225,03/22/17 01:00:00 AM,53.973,0.0,,,,,
226,03/22/17 01:30:00 AM,53.973,0.0,,,,,
227,03/22/17 02:00:00 AM,53.449,0.0,,,,,
228,03/22/17 02:30:00 AM,52.401,0.0,,,,,
229,03/22/17 03:00:00 AM,51.172,0.0,,,,,
230,03/22/17 03:30:00 AM,50.113,0.0,,,,,
231,03/22/17 04:00:00 AM,49.404,0.0,,,,,
232,03/22/17 04:30:00 AM,49.404,0.0,,,,,
233,03/22/17 05:00:00 AM,49.050,0.0,,,,,
234,03/22/17 05:30:00 AM,49.404,0.0,,,,,
235,03/22/17 06:00:00 AM,48.517,0.0,,,,,
236,03/22/17 06:30:00 AM,48.517,1.0,,,,,
237,03/22/17 07:00:00 AM,48.871,176.0,,,,,
238,03/22/17 07:30:00 AM,48.339,168.0,,,,,
239,03/22/17 08:00:00 AM,52.401,1088.0,,,,,
240,03/22/17 08:30:00 AM,65.167,3840.0,,,,,
241,03/22/17 09:00:00 AM,73.234,6144.0,,,,,
242,03/22/17 09:30:00 AM,89.200,6656.0,,,,,
243,03/22/17 10:00:00 AM,82.508,6912.0,,,,,
244,03/22/17 10:30:00 AM,84.295,6144.0,,,,,
245,03/22/17 11:00:00 AM,87.733,9216.0,,,,,
246,03/22/17 11:30:00 AM,99.291,10752.0,,,,,
247,03/22/17 12:00:00 PM,101.887,9728.0,,,,,
248,03/22/17 12:30:00 PM,95.976,8192.0,,,,,
249,03/22/17 01:00:00 PM,120.362,22528.0,,,,,
250,03/22/17 01:30:00 PM,107.046,17408.0,,,,,
251,03/22/17 02:00:00 PM,106.414,9216.0,,,,,
252,03/22/17 02:30:00 PM,110.701,22528.0,,,,,
253,03/22/17 03:00:00 PM,90.680,3584.0,,,,,
254,03/22/17 03:30:00 PM,69.278,608.0,,,,,
255,03/22/17 04:00:00 PM,70.995,4352.0,,,,,
256,03/22/17 04:30:00 PM,62.598,896.0,,,,,
257,03/22/17 05:00:00 PM,61.912,1664.0,,,,,
258,03/22/17 05:30:00 PM,60.195,896.0,,,,,
259,03/22/17 06:00:00 PM,58.647,1216.0,,,,,
260,03/22/17 06:30:00 PM,55.711,304.0,,,,,
261,03/22/17 07:00:00 PM,50.819,24.0,,,,,
262,03/22/17 07:30:00 PM,49.228,0.0,,,,,
263,03/22/17 08:00:00 PM,47.266,0.0,,,,,
264,03/22/17 08:30:00 PM,46.908,0.0,,,,,
265,03/22/17 09:00:00 PM,45.648,0.0,,,,,
266,03/22/17 09:30:00 PM,44.560,0.0,,,,,
267,03/22/17 10:00:00 PM,44.195,0.0,,,,,
268,03/22/17 10:30:00 PM,43.831,0.0,,,,,
269,03/22/17 11:00:00 PM,43.099,0.0,,,,,
270,03/22/17 11:30:00 PM,42.548,0.0,,,,,
271,03/23/17 12:00:00 AM,41.810,0.0,,,,,
272,03/23/17 12:30:00 AM,41.439,0.0,,,,,
273,03/23/17 01:00:00 AM,41.067,0.0,,,,,
274,03/23/17 01:30:00 AM,40.509,0.0,,,,,
275,03/23/17 02:00:00 AM,40.134,0.0,,,,,
276,03/23/17 02:30:00 AM,39.573,0.0,,,,,
277,03/23/17 03:00:00 AM,39.384,0.0,,,,,
278,03/23/17 03:30:00 AM,39.947,0.0,,,,,
279,03/23/17 04:00:00 AM,39.384,0.0,,,,,
280,03/23/17 04:30:00 AM,39.007,0.0,,,,,
281,03/23/17 05:00:00 AM,38.818,0.0,,,,,
282,03/23/17 05:30:00 AM,38.440,0.0,,,,,
283,03/23/17 06:00:00 AM,37.679,0.0,,,,,
284,03/23/17 06:30:00 AM,36.914,4.0,,,,,
285,03/23/17 07:00:00 AM,37.107,144.0,,,,,
286,03/23/17 07:30:00 AM,38.061,288.0,,,,,
287,03/23/17 08:00:00 AM,43.648,1344.0,,,,,
288,03/23/17 08:30:00 AM,54.147,2816.0,,,,,
289,03/23/17 09:00:00 AM,56.750,768.0,,,,,
290,03/23/17 09:30:00 AM,61.054,7168.0,,,,,
291,03/23/17 10:00:00 AM,78.975,10752.0,,,,,
292,03/23/17 10:30:00 AM,89.569,12800.0,,,,,
293,03/23/17 11:00:00 AM,96.361,14848.0,,,,,
294,03/23/17 11:30:00 AM,101.082,10240.0,,,,,
295,03/23/17 12:00:00 PM,107.258,18432.0,,,,,
296,03/23/17 12:30:00 PM,105.786,19456.0,,,,,
297,03/23/17 01:00:00 PM,106.624,20480.0,,,,,
298,03/23/17 01:30:00 PM,112.023,20480.0,,,,,
299,03/23/17 02:00:00 PM,113.362,20480.0,,,,,
300,03/23/17 02:30:00 PM,113.362,19456.0,,,,,
301,03/23/17 03:00:00 PM,109.828,20480.0,,,,,
302,03/23/17 03:30:00 PM,108.108,17408.0,,,,,
303,03/23/17 04:00:00 PM,102.900,15872.0,,,,,
304,03/23/17 04:30:00 PM,97.137,13824.0,,,,,
305,03/23/17 05:00:00 PM,89.938,10240.0,,,,,
306,03/23/17 05:30:00 PM,81.266,6400.0,,,,,
307,03/23/17 06:00:00 PM,64.481,272.0,,,,,
308,03/23/17 06:30:00 PM,58.131,184.0,,,,,
309,03/23/17 07:00:00 PM,53.973,42.0,,,,,
310,03/23/17 07:30:00 PM,50.819,0.0,,,,,
311,03/23/17 08:00:00 PM,48.695,0.0,,,,,
312,03/23/17 08:30:00 PM,47.802,0.0,,,,,
313,03/23/17 09:00:00 PM,47.266,0.0,,,,,
314,03/23/17 09:30:00 PM,45.466,0.0,,,,,
315,03/23/17 10:00:00 PM,44.013,0.0,,,,,
316,03/23/17 10:30:00 PM,41.994,0.0,,,,,
317,03/23/17 11:00:00 PM,41.067,0.0,,,,,
318,03/23/17 11:30:00 PM,41.994,0.0,,,,,
319,03/24/17 12:00:00 AM,43.099,0.0,,,,,
320,03/24/17 12:30:00 AM,44.195,0.0,,,,,
321,03/24/17 01:00:00 AM,43.648,0.0,,,,,
322,03/24/17 01:30:00 AM,43.099,0.0,,,,,
323,03/24/17 02:00:00 AM,43.099,0.0,,,,,
324,03/24/17 02:30:00 AM,42.179,0.0,,,,,
325,03/24/17 03:00:00 AM,40.696,0.0,,,,,
326,03/24/17 03:30:00 AM,38.440,0.0,,,,,
327,03/24/17 04:00:00 AM,37.107,0.0,,,,,
328,03/24/17 04:30:00 AM,37.870,0.0,,,,,
329,03/24/17 05:00:00 AM,38.629,0.0,,,,,
330,03/24/17 05:30:00 AM,37.297,0.0,,,,,
331,03/24/17 06:00:00 AM,37.297,0.0,,,,,
332,03/24/17 06:30:00 AM,37.679,10.0,,,,,
333,03/24/17 07:00:00 AM,35.951,144.0,,,,,
334,03/24/17 07:30:00 AM,36.531,224.0,,,,,
335,03/24/17 08:00:00 AM,42.363,1344.0,,,,,
336,03/24/17 08:30:00 AM,60.368,2944.0,,,,,
337,03/24/17 09:00:00 AM,74.098,4608.0,,,,,
338,03/24/17 09:30:00 AM,85.014,6912.0,,,,,
339,03/24/17 10:00:00 AM,94.825,9728.0,,,,,
340,03/24/17 10:30:00 AM,103.104,12288.0,,,,,
341,03/24/17 11:00:00 AM,110.264,14336.0,,,,,
342,03/24/17 11:30:00 AM,116.330,16384.0,,,,,
343,03/24/17 12:00:00 PM,121.338,17408.0,,,,,
344,03/24/17 12:30:00 PM,124.077,19456.0,,,,,
345,03/24/17 01:00:00 PM,126.387,19456.0,,,,,
346,03/24/17 01:30:00 PM,127.699,19456.0,,,,,
347,03/24/17 02:00:00 PM,127.699,20480.0,,,,,
348,03/24/17 02:30:00 PM,125.868,19456.0,,,,,
349,03/24/17 03:00:00 PM,123.321,19456.0,,,,,
350,03/24/17 03:30:00 PM,118.679,17408.0,,,,,
351,03/24/17 04:00:00 PM,111.360,15872.0,,,,,
352,03/24/17 04:30:00 PM,104.333,13312.0,,,,,
353,03/24/17 05:00:00 PM,96.555,10240.0,,,,,
354,03/24/17 05:30:00 PM,87.552,1920.0,,,,,
355,03/24/17 06:00:00 PM,70.995,288.0,,,,,
356,03/24/17 06:30:00 PM,65.509,480.0,,,,,
357,03/24/17 07:00:00 PM,60.195,23.0,,,,,
358,03/24/17 07:30:00 PM,55.537,0.0,,,,,
359,03/24/17 08:00:00 PM,52.750,0.0,,,,,
360,03/24/17 08:30:00 PM,50.819,0.0,,,,,
361,03/24/17 09:00:00 PM,49.759,0.0,,,,,
362,03/24/17 09:30:00 PM,49.582,0.0,,,,,
363,03/24/17 10:00:00 PM,48.160,0.0,,,,,
364,03/24/17 10:30:00 PM,46.728,0.0,,,,,
365,03/24/17 11:00:00 PM,46.369,0.0,,,,,
366,03/24/17 11:30:00 PM,46.188,0.0,,,,,
367,03/25/17 12:00:00 AM,46.908,0.0,,,,,
368,03/25/17 12:30:00 AM,47.088,0.0,,,,,
369,03/25/17 01:00:00 AM,47.266,0.0,,,,,
370,03/25/17 01:30:00 AM,46.728,0.0,,,,,
371,03/25/17 02:00:00 AM,46.369,0.0,,,,,
372,03/25/17 02:30:00 AM,46.908,0.0,,,,,
373,03/25/17 03:00:00 AM,47.446,0.0,,,,,
374,03/25/17 03:30:00 AM,48.160,0.0,,,,,
375,03/25/17 04:00:00 AM,49.404,0.0,,,,,
376,03/25/17 04:30:00 AM,50.643,0.0,,,,,
377,03/25/17 05:00:00 AM,48.160,0.0,,,,,
378,03/25/17 05:30:00 AM,47.802,0.0,,,,,
379,03/25/17 06:00:00 AM,45.104,0.0,,,,,
380,03/25/17 06:30:00 AM,45.466,5.0,,,,,
381,03/25/17 07:00:00 AM,45.648,144.0,,,,,
382,03/25/17 07:30:00 AM,45.828,216.0,,,,,
383,03/25/17 08:00:00 AM,50.643,1344.0,,,,,
384,03/25/17 08:30:00 AM,63.282,2816.0,,,,,
385,03/25/17 09:00:00 AM,72.891,4608.0,,,,,
386,03/25/17 09:30:00 AM,80.735,6912.0,,,,,
387,03/25/17 10:00:00 AM,86.277,9216.0,,,,,
388,03/25/17 10:30:00 AM,92.174,12288.0,,,,,
389,03/25/17 11:00:00 AM,102.290,14336.0,,,,,
390,03/25/17 11:30:00 AM,108.536,16384.0,,,,,
391,03/25/17 12:00:00 PM,114.949,18432.0,,,,,
392,03/25/17 12:30:00 PM,119.878,19456.0,,,,,
393,03/25/17 01:00:00 PM,123.573,20480.0,,,,,
394,03/25/17 01:30:00 PM,118.206,20480.0,,,,,
395,03/25/17 02:00:00 PM,123.071,21504.0,,,,,
396,03/25/17 02:30:00 PM,118.206,20480.0,,,,,
397,03/25/17 03:00:00 PM,119.637,20480.0,,,,,
398,03/25/17 03:30:00 PM,117.028,18432.0,,,,,
399,03/25/17 04:00:00 PM,108.964,17408.0,,,,,
400,03/25/17 04:30:00 PM,101.082,13824.0,,,,,
401,03/25/17 05:00:00 PM,96.555,11776.0,,,,,
402,03/25/17 05:30:00 PM,82.686,1280.0,,,,,
403,03/25/17 06:00:00 PM,69.449,480.0,,,,,
404,03/25/17 06:30:00 PM,63.111,200.0,,,,,
405,03/25/17 07:00:00 PM,58.303,43.0,,,,,
406,03/25/17 07:30:00 PM,54.842,0.0,,,,,
407,03/25/17 08:00:00 PM,53.449,0.0,,,,,
408,03/25/17 08:30:00 PM,51.874,0.0,,,,,
409,03/25/17 09:00:00 PM,51.346,0.0,,,,,
410,03/25/17 09:30:00 PM,50.819,0.0,,,,,
411,03/25/17 10:00:00 PM,50.290,0.0,,,,,
412,03/25/17 10:30:00 PM,49.759,0.0,,,,,
413,03/25/17 11:00:00 PM,48.695,0.0,,,,,
414,03/25/17 11:30:00 PM,47.446,0.0,,,,,
415,03/26/17 12:00:00 AM,46.908,0.0,,,,,
416,03/26/17 12:30:00 AM,46.728,0.0,,,,,
417,03/26/17 01:00:00 AM,46.008,0.0,,,,,
418,03/26/17 01:30:00 AM,45.828,0.0,,,,,
419,03/26/17 02:00:00 AM,45.648,0.0,,,,,
420,03/26/17 02:30:00 AM,45.286,0.0,,,,,
421,03/26/17 03:00:00 AM,44.922,0.0,,,,,
422,03/26/17 03:30:00 AM,44.742,0.0,,,,,
423,03/26/17 04:00:00 AM,44.379,0.0,,,,,
424,03/26/17 04:30:00 AM,44.195,0.0,,,,,
425,03/26/17 05:00:00 AM,42.732,0.0,,,,,
426,03/26/17 05:30:00 AM,40.134,0.0,,,,,
427,03/26/17 06:00:00 AM,38.818,0.0,,,,,
428,03/26/17 06:30:00 AM,37.870,16.0,,,,,
429,03/26/17 07:00:00 AM,38.250,120.0,,,,,
430,03/26/17 07:30:00 AM,39.196,240.0,,,,,
431,03/26/17 08:00:00 AM,44.195,1344.0,,,,,
432,03/26/17 08:30:00 AM,62.425,2816.0,,,,,
433,03/26/17 09:00:00 AM,75.139,4608.0,,,,,
434,03/26/17 09:30:00 AM,84.834,1920.0,,,,,
435,03/26/17 10:00:00 AM,94.253,8704.0,,,,,
436,03/26/17 10:30:00 AM,104.540,11776.0,,,,,
437,03/26/17 11:00:00 AM,111.360,14336.0,,,,,
438,03/26/17 11:30:00 AM,117.498,16384.0,,,,,
439,03/26/17 12:00:00 PM,121.829,17408.0,,,,,
440,03/26/17 12:30:00 PM,125.353,18432.0,,,,,
441,03/26/17 01:00:00 PM,126.909,19456.0,,,,,
442,03/26/17 01:30:00 PM,128.763,20480.0,,,,,
443,03/26/17 02:00:00 PM,128.230,20480.0,,,,,
444,03/26/17 02:30:00 PM,127.434,19456.0,,,,,
445,03/26/17 03:00:00 PM,123.825,19456.0,,,,,
446,03/26/17 03:30:00 PM,119.158,17408.0,,,,,
447,03/26/17 04:00:00 PM,113.814,16384.0,,,,,
448,03/26/17 04:30:00 PM,107.046,12800.0,,,,,
449,03/26/17 05:00:00 PM,98.897,10240.0,,,,,
450,03/26/17 05:30:00 PM,89.569,6656.0,,,,,
451,03/26/17 06:00:00 PM,72.891,320.0,,,,,
452,03/26/17 06:30:00 PM,66.022,176.0,,,,,
453,03/26/17 07:00:00 PM,61.741,43.0,,,,,
454,03/26/17 07:30:00 PM,58.476,0.0,,,,,
455,03/26/17 08:00:00 PM,56.404,0.0,,,,,
456,03/26/17 08:30:00 PM,53.798,0.0,,,,,
457,03/26/17 09:00:00 PM,52.225,0.0,,,,,
458,03/26/17 09:30:00 PM,50.995,0.0,,,,,
459,03/26/17 10:00:00 PM,51.172,0.0,,,,,
460,03/26/17 10:30:00 PM,48.517,0.0,,,,,
461,03/26/17 11:00:00 PM,47.624,0.0,,,,,
462,03/26/17 11:30:00 PM,46.728,0.0,,,,,
463,03/27/17 12:00:00 AM,49.404,0.0,,,,,
464,03/27/17 12:30:00 AM,48.695,0.0,,,,,
465,03/27/17 01:00:00 AM,49.050,0.0,,,,,
466,03/27/17 01:30:00 AM,47.266,0.0,,,,,
467,03/27/17 02:00:00 AM,45.828,0.0,,,,,
468,03/27/17 02:30:00 AM,46.728,0.0,,,,,
469,03/27/17 03:00:00 AM,46.728,0.0,,,,,
470,03/27/17 03:30:00 AM,47.446,0.0,,,,,
471,03/27/17 04:00:00 AM,46.548,0.0,,,,,
472,03/27/17 04:30:00 AM,46.908,0.0,,,,,
473,03/27/17 05:00:00 AM,46.188,0.0,,,,,
474,03/27/17 05:30:00 AM,45.648,0.0,,,,,
475,03/27/17 06:00:00 AM,45.648,0.0,,,,,
476,03/27/17 06:30:00 AM,45.466,16.0,,,,,
477,03/27/17 07:00:00 AM,45.466,216.0,,,,,
478,03/27/17 07:30:00 AM,46.369,288.0,,,,,
479,03/27/17 08:00:00 AM,49.937,1536.0,,,,,
480,03/27/17 08:30:00 AM,61.569,2944.0,,,,,
481,03/27/17 09:00:00 AM,69.793,4608.0,,,,,
482,03/27/17 09:30:00 AM,78.800,6912.0,,,,,
483,03/27/17 10:00:00 AM,85.554,9216.0,,,,,
484,03/27/17 10:30:00 AM,93.115,12288.0,,,,,
485,03/27/17 11:00:00 AM,100.283,14848.0,,,,,
486,03/27/17 11:30:00 AM,105.161,16384.0,,,,,
487,03/27/17 12:00:00 PM,112.244,18432.0,,,,,
488,03/27/17 12:30:00 PM,118.441,19456.0,,,,,
489,03/27/17 01:00:00 PM,120.119,20480.0,,,,,
490,03/27/17 01:30:00 PM,123.573,20480.0,,,,,
491,03/27/17 02:00:00 PM,123.321,20480.0,,,,,
492,03/27/17 02:30:00 PM,119.397,20480.0,,,,,
493,03/27/17 03:00:00 PM,117.028,19456.0,,,,,
494,03/27/17 03:30:00 PM,115.178,17408.0,,,,,
495,03/27/17 04:00:00 PM,108.322,16384.0,,,,,
496,03/27/17 04:30:00 PM,101.282,13312.0,,,,,
497,03/27/17 05:00:00 PM,93.873,10240.0,,,,,
498,03/27/17 05:30:00 PM,81.975,2560.0,,,,,
499,03/27/17 06:00:00 PM,68.077,512.0,,,,,
500,03/27/17 06:30:00 PM,60.883,304.0,,,,,
501,03/27/17 07:00:00 PM,56.750,51.0,,,,,
502,03/27/17 07:30:00 PM,54.322,0.0,,,,,
503,03/27/17 08:00:00 PM,52.576,0.0,,,,,
504,03/27/17 08:30:00 PM,50.819,0.0,,,,,
505,03/27/17 09:00:00 PM,49.759,0.0,,,,,
506,03/27/17 09:30:00 PM,52.050,0.0,,,,,
507,03/27/17 10:00:00 PM,52.050,0.0,,,,,
508,03/27/17 10:30:00 PM,51.874,0.0,,,,,
509,03/27/17 11:00:00 PM,51.346,0.0,,,,,
510,03/27/17 11:30:00 PM,50.290,0.0,,,,,
511,03/28/17 12:00:00 AM,47.088,0.0,,,,,
512,03/28/17 12:30:00 AM,45.466,0.0,,,,,
513,03/28/17 01:00:00 AM,44.560,0.0,,,,,
514,03/28/17 01:30:00 AM,43.831,0.0,,,,,
515,03/28/17 02:00:00 AM,43.466,0.0,,,,,
516,03/28/17 02:30:00 AM,42.732,0.0,,,,,
517,03/28/17 03:00:00 AM,42.363,0.0,,,,,
518,03/28/17 03:30:00 AM,41.625,0.0,,,,,
519,03/28/17 04:00:00 AM,40.134,0.0,,,,,
520,03/28/17 04:30:00 AM,39.947,0.0,,,,,
521,03/28/17 05:00:00 AM,39.196,0.0,,,,,
522,03/28/17 05:30:00 AM,39.384,0.0,,,,,
523,03/28/17 06:00:00 AM,38.818,0.0,,,,,
524,03/28/17 06:30:00 AM,37.679,25.0,,,,,
525,03/28/17 07:00:00 AM,37.870,168.0,,,,,
526,03/28/17 07:30:00 AM,39.384,240.0,,,,,
527,03/28/17 08:00:00 AM,44.742,1536.0,,,,,
528,03/28/17 08:30:00 AM,58.993,3072.0,,,,,
529,03/28/17 09:00:00 AM,70.995,4864.0,,,,,
530,03/28/17 09:30:00 AM,81.266,7168.0,,,,,
531,03/28/17 10:00:00 AM,88.099,9728.0,,,,,
532,03/28/17 10:30:00 AM,93.304,11776.0,,,,,
533,03/28/17 11:00:00 AM,99.489,14336.0,,,,,
534,03/28/17 11:30:00 AM,105.370,17408.0,,,,,
535,03/28/17 12:00:00 PM,111.801,18432.0,,,,,
536,03/28/17 12:30:00 PM,116.330,19456.0,,,,,
537,03/28/17 01:00:00 PM,117.498,20480.0,,,,,
538,03/28/17 01:30:00 PM,120.119,20480.0,,,,,
539,03/28/17 02:00:00 PM,119.158,20480.0,,,,,
540,03/28/17 02:30:00 PM,114.492,20480.0,,,,,
541,03/28/17 03:00:00 PM,110.482,19456.0,,,,,
542,03/28/17 03:30:00 PM,107.895,8192.0,,,,,
543,03/28/17 04:00:00 PM,103.307,4608.0,,,,,
544,03/28/17 04:30:00 PM,97.525,3968.0,,,,,
545,03/28/17 05:00:00 PM,90.309,3072.0,,,,,
546,03/28/17 05:30:00 PM,81.797,1856.0,,,,,
547,03/28/17 06:00:00 PM,65.851,288.0,,,,,
548,03/28/17 06:30:00 PM,60.539,192.0,,,,,
549,03/28/17 07:00:00 PM,57.441,58.0,,,,,
550,03/28/17 07:30:00 PM,55.364,0.0,,,,,
551,03/28/17 08:00:00 PM,53.623,0.0,,,,,
552,03/28/17 08:30:00 PM,53.100,0.0,,,,,
553,03/28/17 09:00:00 PM,52.050,0.0,,,,,
554,03/28/17 09:30:00 PM,51.523,0.0,,,,,
555,03/28/17 10:00:00 PM,50.819,0.0,,,,,
556,03/28/17 10:30:00 PM,49.937,0.0,,,,,
557,03/28/17 11:00:00 PM,49.759,0.0,,,,,
558,03/28/17 11:30:00 PM,49.582,0.0,,,,,
559,03/29/17 12:00:00 AM,48.695,0.0,,,,,
560,03/29/17 12:30:00 AM,49.050,0.0,,,,,
561,03/29/17 01:00:00 AM,48.695,0.0,,,,,
562,03/29/17 01:30:00 AM,48.339,0.0,,,,,
563,03/29/17 02:00:00 AM,48.339,0.0,,,,,
564,03/29/17 02:30:00 AM,48.160,0.0,,,,,
565,03/29/17 03:00:00 AM,47.446,0.0,,,,,
566,03/29/17 03:30:00 AM,47.624,0.0,,,,,
567,03/29/17 04:00:00 AM,47.802,0.0,,,,,
568,03/29/17 04:30:00 AM,47.802,0.0,,,,,
569,03/29/17 05:00:00 AM,47.446,0.0,,,,,
570,03/29/17 05:30:00 AM,47.446,0.0,,,,,
571,03/29/17 06:00:00 AM,47.266,0.0,,,,,
572,03/29/17 06:30:00 AM,47.088,28.0,,,,,
573,03/29/17 07:00:00 AM,47.266,160.0,,,,,
574,03/29/17 07:30:00 AM,47.446,256.0,,,,,
575,03/29/17 08:00:00 AM,51.699,1216.0,,,,,
576,03/29/17 08:30:00 AM,64.996,3584.0,,,,,
577,03/29/17 09:00:00 AM,71.168,3200.0,,,,,
578,03/29/17 09:30:00 AM,78.624,6912.0,,,,,
579,03/29/17 10:00:00 AM,93.493,11776.0,,,,,
580,03/29/17 10:30:00 AM,99.291,14336.0,,,,,
581,03/29/17 11:00:00 AM,107.046,17408.0,,,,,
582,03/29/17 11:30:00 AM,113.362,19456.0,,,,,
583,03/29/17 12:00:00 PM,117.968,20480.0,,,,,
584,03/29/17 12:30:00 PM,121.829,22528.0,,,,,
585,03/29/17 01:00:00 PM,126.127,23552.0,,,,,
586,03/29/17 01:30:00 PM,127.434,23552.0,,,,,
587,03/29/17 02:00:00 PM,131.211,24576.0,,,,,
588,03/29/17 02:30:00 PM,129.841,23552.0,,,,,
589,03/29/17 03:00:00 PM,124.840,21504.0,,,,,
590,03/29/17 03:30:00 PM,123.071,20480.0,,,,,
591,03/29/17 04:00:00 PM,114.721,17408.0,,,,,
592,03/29/17 04:30:00 PM,106.624,14336.0,,,,,
593,03/29/17 05:00:00 PM,99.093,4096.0,,,,,
594,03/29/17 05:30:00 PM,90.495,2048.0,,,,,
595,03/29/17 06:00:00 PM,74.791,200.0,,,,,
596,03/29/17 06:30:00 PM,67.906,216.0,,,,,
597,03/29/17 07:00:00 PM,63.968,50.0,,,,,
598,03/29/17 07:30:00 PM,60.883,0.0,,,,,
599,03/29/17 08:00:00 PM,58.820,0.0,,,,,
600,03/29/17 08:30:00 PM,57.614,0.0,,,,,
601,03/29/17 09:00:00 PM,55.189,0.0,,,,,
602,03/29/17 09:30:00 PM,52.225,0.0,,,,,
603,03/29/17 10:00:00 PM,51.874,0.0,,,,,
604,03/29/17 10:30:00 PM,49.759,0.0,,,,,
605,03/29/17 11:00:00 PM,48.517,0.0,,,,,
606,03/29/17 11:30:00 PM,47.624,0.0,,,,,
607,03/30/17 12:00:00 AM,46.548,0.0,,,,,
608,03/30/17 12:30:00 AM,46.008,0.0,,,,,
609,03/30/17 01:00:00 AM,47.266,0.0,,,,,
610,03/30/17 01:30:00 AM,45.648,0.0,,,,,
611,03/30/17 02:00:00 AM,47.802,0.0,,,,,
612,03/30/17 02:30:00 AM,45.286,0.0,,,,,
613,03/30/17 03:00:00 AM,45.104,0.0,,,,,
614,03/30/17 03:30:00 AM,45.104,0.0,,,,,
615,03/30/17 04:00:00 AM,44.742,0.0,,,,,
616,03/30/17 04:30:00 AM,43.831,0.0,,,,,
617,03/30/17 05:00:00 AM,43.466,0.0,,,,,
618,03/30/17 05:30:00 AM,45.466,0.0,,,,,
619,03/30/17 06:00:00 AM,46.548,0.0,,,,,
620,03/30/17 06:30:00 AM,45.104,22.0,,,,,
621,03/30/17 07:00:00 AM,43.831,160.0,,,,,
622,03/30/17 07:30:00 AM,44.922,232.0,,,,,
623,03/30/17 08:00:00 AM,51.346,2048.0,,,,,
624,03/30/17 08:30:00 AM,68.934,4096.0,,,,,
625,03/30/17 09:00:00 AM,80.911,6400.0,,,,,
626,03/30/17 09:30:00 AM,91.240,8704.0,,,,,
627,03/30/17 10:00:00 AM,98.699,9728.0,,,,,
628,03/30/17 10:30:00 AM,105.577,12288.0,,,,,
629,03/30/17 11:00:00 AM,113.137,14336.0,,,,,
630,03/30/17 11:30:00 AM,119.878,17408.0,,,,,
631,03/30/17 12:00:00 PM,125.353,18432.0,,,,,
632,03/30/17 12:30:00 PM,129.841,20480.0,,,,,
633,03/30/17 01:00:00 PM,126.909,12800.0,,,,,
634,03/30/17 01:30:00 PM,126.127,17408.0,,,,,
635,03/30/17 02:00:00 PM,125.611,14336.0,,,,,
636,03/30/17 02:30:00 PM,119.637,16384.0,,,,,
637,03/30/17 03:00:00 PM,112.023,14848.0,,,,,
638,03/30/17 03:30:00 PM,113.362,15360.0,,,,,
639,03/30/17 04:00:00 PM,98.699,6656.0,,,,,
640,03/30/17 04:30:00 PM,84.115,1984.0,,,,,
641,03/30/17 05:00:00 PM,73.062,1088.0,,,,,
642,03/30/17 05:30:00 PM,72.718,4352.0,,,,,
643,03/30/17 06:00:00 PM,65.167,1472.0,,,,,
644,03/30/17 06:30:00 PM,60.883,576.0,,,,,
645,03/30/17 07:00:00 PM,56.750,54.0,,,,,
646,03/30/17 07:30:00 PM,54.322,0.0,,,,,
647,03/30/17 08:00:00 PM,52.925,0.0,,,,,
648,03/30/17 08:30:00 PM,52.050,0.0,,,,,
649,03/30/17 09:00:00 PM,50.995,0.0,,,,,
650,03/30/17 09:30:00 PM,50.643,0.0,,,,,
651,03/30/17 10:00:00 PM,49.759,0.0,,,,,
652,03/30/17 10:30:00 PM,48.695,0.0,,,,,
653,03/30/17 11:00:00 PM,46.728,0.0,,,,,
654,03/30/17 11:30:00 PM,43.466,0.0,,,,,
655,03/31/17 12:00:00 AM,42.363,0.0,,,,,
656,03/31/17 12:30:00 AM,42.732,0.0,,,,,
657,03/31/17 01:00:00 AM,43.099,0.0,,,,,
658,03/31/17 01:30:00 AM,40.509,0.0,,,,,
659,03/31/17 02:00:00 AM,39.760,0.0,,,,,
660,03/31/17 02:30:00 AM,39.384,0.0,,,,,
661,03/31/17 03:00:00 AM,38.818,0.0,,,,,
662,03/31/17 03:30:00 AM,38.440,0.0,,,,,
663,03/31/17 04:00:00 AM,38.250,0.0,,,,,
664,03/31/17 04:30:00 AM,38.250,0.0,,,,,
665,03/31/17 05:00:00 AM,38.250,0.0,,,,,
666,03/31/17 05:30:00 AM,37.870,0.0,,,,,
667,03/31/17 06:00:00 AM,38.061,0.0,,,,,
668,03/31/17 06:30:00 AM,37.679,30.0,,,,,
669,03/31/17 07:00:00 AM,38.629,160.0,,,,,
670,03/31/17 07:30:00 AM,39.760,384.0,,,,,
671,03/31/17 08:00:00 AM,41.625,1344.0,,,,,
672,03/31/17 08:30:00 AM,54.495,3328.0,,,,,
673,03/31/17 09:00:00 AM,64.652,5632.0,,,,,
674,03/31/17 09:30:00 AM,70.824,8192.0,,,,,
675,03/31/17 10:00:00 AM,82.686,10240.0,,,,,
676,03/31/17 10:30:00 AM,89.755,12800.0,,,,,
677,03/31/17 11:00:00 AM,97.720,15360.0,,,,,
678,03/31/17 11:30:00 AM,101.282,18432.0,,,,,
679,03/31/17 12:00:00 PM,107.895,19456.0,,,,,
680,03/31/17 12:30:00 PM,114.949,20480.0,,,,,
681,03/31/17 01:00:00 PM,117.732,20480.0,,,,,
682,03/31/17 01:30:00 PM,117.732,21504.0,,,,,
683,03/31/17 02:00:00 PM,121.338,24576.0,,,,,
684,03/31/17 02:30:00 PM,97.525,4608.0,,,,,
685,03/31/17 03:00:00 PM,104.333,5632.0,,,,,
686,03/31/17 03:30:00 PM,102.697,14848.0,,,,,
687,03/31/17 04:00:00 PM,103.717,8192.0,,,,,
688,03/31/17 04:30:00 PM,97.720,5376.0,,,,,
689,03/31/17 05:00:00 PM,89.384,3200.0,,,,,
690,03/31/17 05:30:00 PM,79.502,2048.0,,,,,
691,03/31/17 06:00:00 PM,67.735,576.0,,,,,
692,03/31/17 06:30:00 PM,62.598,608.0,,,,,
693,03/31/17 07:00:00 PM,59.164,200.0,,,,,
694,03/31/17 07:30:00 PM,56.057,0.0,,,,,
695,03/31/17 08:00:00 PM,54.842,0.0,,,,,
696,03/31/17 08:30:00 PM,52.576,0.0,,,,,
697,03/31/17 09:00:00 PM,50.995,0.0,,,,,
698,03/31/17 09:30:00 PM,50.466,0.0,,,,,
699,03/31/17 10:00:00 PM,49.759,0.0,,,,,
700,03/31/17 10:30:00 PM,48.517,0.0,,,,,
701,03/31/17 11:00:00 PM,46.548,0.0,,,,,
702,03/31/17 11:30:00 PM,45.828,0.0,,,,,
703,04/01/17 12:00:00 AM,45.286,0.0,,,,,
704,04/01/17 12:30:00 AM,44.742,0.0,,,,,
705,04/01/17 01:00:00 AM,43.831,0.0,,,,,
706,04/01/17 01:30:00 AM,44.922,0.0,,,,,
707,04/01/17 02:00:00 AM,44.560,0.0,,,,,
708,04/01/17 02:30:00 AM,42.732,0.0,,,,,
709,04/01/17 03:00:00 AM,42.363,0.0,,,,,
710,04/01/17 03:30:00 AM,41.625,0.0,,,,,
711,04/01/17 04:00:00 AM,42.732,0.0,,,,,
712,04/01/17 04:30:00 AM,42.363,0.0,,,,,
713,04/01/17 05:00:00 AM,42.179,0.0,,,,,
714,04/01/17 05:30:00 AM,41.994,0.0,,,,,
715,04/01/17 06:00:00 AM,42.548,0.0,,,,,
716,04/01/17 06:30:00 AM,41.994,49.0,,,,,
717,04/01/17 07:00:00 AM,43.648,184.0,,,,,
718,04/01/17 07:30:00 AM,44.922,256.0,,,,,
719,04/01/17 08:00:00 AM,46.548,1344.0,,,,,
720,04/01/17 08:30:00 AM,63.626,4096.0,,,,,
721,04/01/17 09:00:00 AM,73.753,4864.0,,,,,
722,04/01/17 09:30:00 AM,83.579,7680.0,,,,,
723,04/01/17 10:00:00 AM,92.550,11776.0,,,,,
724,04/01/17 10:30:00 AM,101.082,14336.0,,,,,
725,04/01/17 11:00:00 AM,108.536,15360.0,,,,,
726,04/01/17 11:30:00 AM,116.100,17408.0,,,,,
727,04/01/17 12:00:00 PM,120.119,18432.0,,,,,
728,04/01/17 12:30:00 PM,125.611,19456.0,,,,,
729,04/01/17 01:00:00 PM,128.763,20480.0,,,,,
730,04/01/17 01:30:00 PM,130.935,21504.0,,,,,
731,04/01/17 02:00:00 PM,133.167,22528.0,,,,,
732,04/01/17 02:30:00 PM,129.841,4352.0,,,,,
733,04/01/17 03:00:00 PM,118.679,20480.0,,,,,
734,04/01/17 03:30:00 PM,117.732,18432.0,,,,,
735,04/01/17 04:00:00 PM,112.467,15872.0,,,,,
736,04/01/17 04:30:00 PM,104.128,13824.0,,,,,
737,04/01/17 05:00:00 PM,92.363,10752.0,,,,,
738,04/01/17 05:30:00 PM,85.554,7680.0,,,,,
739,04/01/17 06:00:00 PM,73.926,448.0,,,,,
740,04/01/17 06:30:00 PM,66.708,216.0,,,,,
741,04/01/17 07:00:00 PM,62.083,74.0,,,,,
742,04/01/17 07:30:00 PM,58.131,0.0,,,,,
743,04/01/17 08:00:00 PM,56.404,0.0,,,,,
744,04/01/17 08:30:00 PM,54.669,0.0,,,,,
745,04/01/17 09:00:00 PM,53.274,0.0,,,,,
746,04/01/17 09:30:00 PM,52.925,0.0,,,,,
747,04/01/17 10:00:00 PM,52.050,0.0,,,,,
748,04/01/17 10:30:00 PM,50.995,0.0,,,,,
749,04/01/17 11:00:00 PM,49.582,0.0,,,,,
750,04/01/17 11:30:00 PM,47.446,0.0,,,,,
751,04/02/17 12:00:00 AM,45.648,0.0,,,,,
752,04/02/17 12:30:00 AM,44.742,0.0,,,,,
753,04/02/17 01:00:00 AM,44.379,0.0,,,,,
754,04/02/17 01:30:00 AM,43.831,0.0,,,,,
755,04/02/17 02:00:00 AM,42.915,0.0,,,,,
756,04/02/17 02:30:00 AM,42.179,0.0,,,,,
757,04/02/17 03:00:00 AM,41.810,0.0,,,,,
758,04/02/17 03:30:00 AM,41.439,0.0,,,,,
759,04/02/17 04:00:00 AM,40.881,0.0,,,,,
760,04/02/17 04:30:00 AM,40.321,0.0,,,,,
761,04/02/17 05:00:00 AM,41.994,0.0,,,,,
762,04/02/17 05:30:00 AM,40.509,0.0,,,,,
763,04/02/17 06:00:00 AM,42.732,0.0,,,,,
764,04/02/17 06:30:00 AM,44.560,61.0,,,,,
765,04/02/17 07:00:00 AM,44.742,192.0,,,,,
766,04/02/17 07:30:00 AM,45.286,256.0,,,,,
767,04/02/17 08:00:00 AM,49.582,1152.0,,,,,
768,04/02/17 08:30:00 AM,68.248,3456.0,,,,,
769,04/02/17 09:00:00 AM,80.206,5376.0,,,,,
770,04/02/17 09:30:00 AM,91.612,7680.0,,,,,
771,04/02/17 10:00:00 AM,101.887,10240.0,,,,,
772,04/02/17 10:30:00 AM,110.264,12800.0,,,,,
773,04/02/17 11:00:00 AM,117.262,15360.0,,,,,
774,04/02/17 11:30:00 AM,122.821,17408.0,,,,,
775,04/02/17 12:00:00 PM,128.763,18432.0,,,,,
776,04/02/17 12:30:00 PM,131.211,20480.0,,,,,
777,04/02/17 01:00:00 PM,133.452,20480.0,,,,,
778,04/02/17 01:30:00 PM,134.884,20480.0,,,,,
779,04/02/17 02:00:00 PM,136.051,20480.0,,,,,
780,04/02/17 02:30:00 PM,134.596,20480.0,,,,,
781,04/02/17 03:00:00 PM,129.571,19456.0,,,,,
782,04/02/17 03:30:00 PM,125.353,17408.0,,,,,
783,04/02/17 04:00:00 PM,120.605,15872.0,,,,,
784,04/02/17 04:30:00 PM,112.914,13312.0,,,,,
785,04/02/17 05:00:00 PM,105.577,10240.0,,,,,
786,04/02/17 05:30:00 PM,96.361,7424.0,,,,,
787,04/02/17 06:00:00 PM,80.206,320.0,,,,,
788,04/02/17 06:30:00 PM,72.028,224.0,,,,,
789,04/02/17 07:00:00 PM,66.366,72.0,,,,,
790,04/02/17 07:30:00 PM,63.111,0.0,,,,,
791,04/02/17 08:00:00 PM,60.024,0.0,,,,,
792,04/02/17 08:30:00 PM,57.785,0.0,,,,,
793,04/02/17 09:00:00 PM,55.711,0.0,,,,,
794,04/02/17 09:30:00 PM,54.669,0.0,,,,,
795,04/02/17 10:00:00 PM,55.884,0.0,,,,,
796,04/02/17 10:30:00 PM,54.842,0.0,,,,,
797,04/02/17 11:00:00 PM,54.495,0.0,,,,,
798,04/02/17 11:30:00 PM,54.842,0.0,,,,,
799,04/03/17 12:00:00 AM,54.147,0.0,,,,,
800,04/03/17 12:30:00 AM,53.973,0.0,,,,,
801,04/03/17 01:00:00 AM,53.274,0.0,,,,,
802,04/03/17 01:30:00 AM,52.225,0.0,,,,,
803,04/03/17 02:00:00 AM,52.050,0.0,,,,,
804,04/03/17 02:30:00 AM,50.995,0.0,,,,,
805,04/03/17 03:00:00 AM,49.937,0.0,,,,,
806,04/03/17 03:30:00 AM,49.404,0.0,,,,,
807,04/03/17 04:00:00 AM,48.339,0.0,,,,,
808,04/03/17 04:30:00 AM,46.548,0.0,,,,,
809,04/03/17 05:00:00 AM,46.908,0.0,,,,,
810,04/03/17 05:30:00 AM,44.922,0.0,,,,,
811,04/03/17 06:00:00 AM,43.831,0.0,,,,,
812,04/03/17 06:30:00 AM,45.286,54.0,,,,,
813,04/03/17 07:00:00 AM,45.104,400.0,,,,,
814,04/03/17 07:30:00 AM,49.759,1216.0,,,,,
815,04/03/17 08:00:00 AM,52.050,1536.0,,,,,
816,04/03/17 08:30:00 AM,66.022,3968.0,,,,,
817,04/03/17 09:00:00 AM,79.853,5632.0,,,,,
818,04/03/17 09:30:00 AM,91.425,7936.0,,,,,
819,04/03/17 10:00:00 AM,101.282,10752.0,,,,,
820,04/03/17 10:30:00 AM,107.258,13312.0,,,,,
821,04/03/17 11:00:00 AM,113.137,15872.0,,,,,
822,04/03/17 11:30:00 AM,119.158,17408.0,,,,,
823,04/03/17 12:00:00 PM,125.611,19456.0,,,,,
824,04/03/17 12:30:00 PM,129.031,20480.0,,,,,
825,04/03/17 01:00:00 PM,132.885,21504.0,,,,,
826,04/03/17 01:30:00 PM,133.167,21504.0,,,,,
827,04/03/17 02:00:00 PM,129.031,20480.0,,,,,
828,04/03/17 02:30:00 PM,129.841,20480.0,,,,,
829,04/03/17 03:00:00 PM,128.763,19456.0,,,,,
830,04/03/17 03:30:00 PM,123.071,17408.0,,,,,
831,04/03/17 04:00:00 PM,111.580,16384.0,,,,,
832,04/03/17 04:30:00 PM,110.264,13312.0,,,,,
833,04/03/17 05:00:00 PM,102.290,11264.0,,,,,
834,04/03/17 05:30:00 PM,91.987,7424.0,,,,,
835,04/03/17 06:00:00 PM,76.006,448.0,,,,,
836,04/03/17 06:30:00 PM,68.592,288.0,,,,,
837,04/03/17 07:00:00 PM,63.797,88.0,,,,,
838,04/03/17 07:30:00 PM,59.851,0.0,,,,,
839,04/03/17 08:00:00 PM,57.096,0.0,,,,,
840,04/03/17 08:30:00 PM,54.842,0.0,,,,,
841,04/03/17 09:00:00 PM,53.973,0.0,,,,,
842,04/03/17 09:30:00 PM,52.401,0.0,,,,,
843,04/03/17 10:00:00 PM,50.995,0.0,,,,,
844,04/03/17 10:30:00 PM,49.759,0.0,,,,,
845,04/03/17 11:00:00 PM,48.339,0.0,,,,,
846,04/03/17 11:30:00 PM,47.446,0.0,,,,,
847,04/04/17 12:00:00 AM,46.369,0.0,,,,,
848,04/04/17 12:30:00 AM,45.286,0.0,,,,,
849,04/04/17 01:00:00 AM,43.466,0.0,,,,,
850,04/04/17 01:30:00 AM,41.994,0.0,,,,,
851,04/04/17 02:00:00 AM,41.439,0.0,,,,,
852,04/04/17 02:30:00 AM,41.994,0.0,,,,,
853,04/04/17 03:00:00 AM,39.196,0.0,,,,,
854,04/04/17 03:30:00 AM,39.196,0.0,,,,,
855,04/04/17 04:00:00 AM,37.297,0.0,,,,,
856,04/04/17 04:30:00 AM,36.145,0.0,,,,,
857,04/04/17 05:00:00 AM,36.914,0.0,,,,,
858,04/04/17 05:30:00 AM,39.384,0.0,,,,,
859,04/04/17 06:00:00 AM,39.196,0.0,,,,,
860,04/04/17 06:30:00 AM,40.321,78.0,,,,,
861,04/04/17 07:00:00 AM,39.573,200.0,,,,,
862,04/04/17 07:30:00 AM,38.629,256.0,,,,,
863,04/04/17 08:00:00 AM,42.548,960.0,,,,,
864,04/04/17 08:30:00 AM,63.455,3840.0,,,,,
865,04/04/17 09:00:00 AM,76.354,5632.0,,,,,
866,04/04/17 09:30:00 AM,85.374,6912.0,,,,,
867,04/04/17 10:00:00 AM,95.400,9216.0,,,,,
868,04/04/17 10:30:00 AM,105.994,13824.0,,,,,
869,04/04/17 11:00:00 AM,115.178,16384.0,,,,,
870,04/04/17 11:30:00 AM,118.441,18432.0,,,,,
871,04/04/17 12:00:00 PM,122.821,18432.0,,,,,
872,04/04/17 12:30:00 PM,129.841,20480.0,,,,,
873,04/04/17 01:00:00 PM,131.488,20480.0,,,,,
874,04/04/17 01:30:00 PM,132.885,20480.0,,,,,
875,04/04/17 02:00:00 PM,130.935,20480.0,,,,,
876,04/04/17 02:30:00 PM,129.301,20480.0,,,,,
877,04/04/17 03:00:00 PM,125.611,19456.0,,,,,
878,04/04/17 03:30:00 PM,121.093,17408.0,,,,,
879,04/04/17 04:00:00 PM,115.178,15360.0,,,,,
880,04/04/17 04:30:00 PM,108.536,13312.0,,,,,
881,04/04/17 05:00:00 PM,100.483,10240.0,,,,,
882,04/04/17 05:30:00 PM,92.926,7680.0,,,,,
883,04/04/17 06:00:00 PM,78.975,768.0,,,,,
884,04/04/17 06:30:00 PM,69.449,336.0,,,,,
885,04/04/17 07:00:00 PM,62.940,70.0,,,,,
886,04/04/17 07:30:00 PM,59.164,0.0,,,,,
887,04/04/17 08:00:00 PM,56.230,0.0,,,,,
888,04/04/17 08:30:00 PM,54.842,0.0,,,,,
889,04/04/17 09:00:00 PM,53.449,0.0,,,,,
890,04/04/17 09:30:00 PM,51.523,0.0,,,,,
891,04/04/17 10:00:00 PM,50.113,0.0,,,,,
892,04/04/17 10:30:00 PM,49.050,0.0,,,,,
893,04/04/17 11:00:00 PM,49.404,0.0,,,,,
894,04/04/17 11:30:00 PM,46.908,0.0,,,,,
895,04/05/17 12:00:00 AM,45.648,0.0,,,,,
896,04/05/17 12:30:00 AM,44.013,0.0,,,,,
897,04/05/17 01:00:00 AM,44.195,0.0,,,,,
898,04/05/17 01:30:00 AM,43.466,0.0,,,,,
899,04/05/17 02:00:00 AM,42.548,0.0,,,,,
900,04/05/17 02:30:00 AM,41.810,0.0,,,,,
901,04/05/17 03:00:00 AM,41.254,0.0,,,,,
902,04/05/17 03:30:00 AM,40.321,0.0,,,,,
903,04/05/17 04:00:00 AM,39.573,0.0,,,,,
904,04/05/17 04:30:00 AM,39.007,0.0,,,,,
905,04/05/17 05:00:00 AM,38.818,0.0,,,,,
906,04/05/17 05:30:00 AM,38.250,0.0,,,,,
907,04/05/17 06:00:00 AM,38.061,0.0,,,,,
908,04/05/17 06:30:00 AM,37.488,58.0,,,,,
909,04/05/17 07:00:00 AM,38.061,272.0,,,,,
910,04/05/17 07:30:00 AM,39.947,384.0,,,,,
911,04/05/17 08:00:00 AM,43.282,864.0,,,,,
912,04/05/17 08:30:00 AM,64.481,3456.0,,,,,
913,04/05/17 09:00:00 AM,77.400,6656.0,,,,,
914,04/05/17 09:30:00 AM,83.221,6400.0,,,,,
915,04/05/17 10:00:00 AM,85.554,7680.0,,,,,
916,04/05/17 10:30:00 AM,92.363,8704.0,,,,,
917,04/05/17 11:00:00 AM,96.361,9728.0,,,,,
918,04/05/17 11:30:00 AM,104.747,14336.0,,,,,
919,04/05/17 12:00:00 PM,113.587,14336.0,,,,,
920,04/05/17 12:30:00 PM,126.127,19456.0,,,,,
921,04/05/17 01:00:00 PM,123.321,18432.0,,,,,
922,04/05/17 01:30:00 PM,129.571,19456.0,,,,,
923,04/05/17 02:00:00 PM,125.611,17408.0,,,,,
924,04/05/17 02:30:00 PM,127.434,18432.0,,,,,
925,04/05/17 03:00:00 PM,127.963,19456.0,,,,,
926,04/05/17 03:30:00 PM,123.573,16384.0,,,,,
927,04/05/17 04:00:00 PM,118.206,16384.0,,,,,
928,04/05/17 04:30:00 PM,111.580,13312.0,,,,,
929,04/05/17 05:00:00 PM,103.923,10240.0,,,,,
930,04/05/17 05:30:00 PM,94.825,6656.0,,,,,
931,04/05/17 06:00:00 PM,79.502,512.0,,,,,
932,04/05/17 06:30:00 PM,70.995,400.0,,,,,
933,04/05/17 07:00:00 PM,64.481,105.0,,,,,
934,04/05/17 07:30:00 PM,59.508,0.0,,,,,
935,04/05/17 08:00:00 PM,56.750,0.0,,,,,
936,04/05/17 08:30:00 PM,55.189,0.0,,,,,
937,04/05/17 09:00:00 PM,53.274,0.0,,,,,
938,04/05/17 09:30:00 PM,51.874,0.0,,,,,
939,04/05/17 10:00:00 PM,50.466,0.0,,,,,
940,04/05/17 10:30:00 PM,49.050,0.0,,,,,
941,04/05/17 11:00:00 PM,47.446,0.0,,,,,
942,04/05/17 11:30:00 PM,46.188,0.0,,,,,
943,04/06/17 12:00:00 AM,45.286,0.0,,,,,
944,04/06/17 12:30:00 AM,44.742,0.0,,,,,
945,04/06/17 01:00:00 AM,44.379,0.0,,,,,
946,04/06/17 01:30:00 AM,43.831,0.0,,,,,
947,04/06/17 02:00:00 AM,43.282,0.0,,,,,
948,04/06/17 02:30:00 AM,42.915,0.0,,,,,
949,04/06/17 03:00:00 AM,42.548,0.0,,,,,
950,04/06/17 03:30:00 AM,42.179,0.0,,,,,
951,04/06/17 04:00:00 AM,41.625,0.0,,,,,
952,04/06/17 04:30:00 AM,41.254,0.0,,,,,
953,04/06/17 05:00:00 AM,41.254,0.0,,,,,
954,04/06/17 05:30:00 AM,41.067,0.0,,,,,
955,04/06/17 06:00:00 AM,40.509,0.0,,,,,
956,04/06/17 06:30:00 AM,40.509,100.0,,,,,
957,04/06/17 07:00:00 AM,41.625,384.0,,,,,
958,04/06/17 07:30:00 AM,45.828,800.0,,,,,
959,04/06/17 08:00:00 AM,46.188,672.0,,,,,
960,04/06/17 08:30:00 AM,67.221,3968.0,,,,,
961,04/06/17 09:00:00 AM,82.686,6144.0,,,,,
962,04/06/17 09:30:00 AM,95.783,10240.0,,,,,
963,04/06/17 10:00:00 AM,86.823,2432.0,,,,,
964,04/06/17 10:30:00 AM,109.180,12800.0,,,,,
965,04/06/17 11:00:00 AM,119.397,15872.0,,,,,
966,04/06/17 11:30:00 AM,125.611,18432.0,,,,,
967,04/06/17 12:00:00 PM,127.963,19456.0,,,,,
968,04/06/17 12:30:00 PM,133.167,20480.0,,,,,
969,04/06/17 01:00:00 PM,136.641,21504.0,,,,,
970,04/06/17 01:30:00 PM,120.362,14336.0,,,,,
971,04/06/17 02:00:00 PM,127.963,16384.0,,,,,
972,04/06/17 02:30:00 PM,129.841,20480.0,,,,,
973,04/06/17 03:00:00 PM,130.113,19456.0,,,,,
974,04/06/17 03:30:00 PM,123.825,12288.0,,,,,
975,04/06/17 04:00:00 PM,117.028,13312.0,,,,,
976,04/06/17 04:30:00 PM,102.697,6400.0,,,,,
977,04/06/17 05:00:00 PM,91.800,2944.0,,,,,
978,04/06/17 05:30:00 PM,88.282,3968.0,,,,,
979,04/06/17 06:00:00 PM,81.090,896.0,,,,,
980,04/06/17 06:30:00 PM,75.484,336.0,,,,,
981,04/06/17 07:00:00 PM,70.995,136.0,,,,,
982,04/06/17 07:30:00 PM,66.022,0.0,,,,,
983,04/06/17 08:00:00 PM,62.425,0.0,,,,,
984,04/06/17 08:30:00 PM,60.368,0.0,,,,,
985,04/06/17 09:00:00 PM,58.303,0.0,,,,,
986,04/06/17 09:30:00 PM,56.230,0.0,,,,,
987,04/06/17 10:00:00 PM,56.230,0.0,,,,,
988,04/06/17 10:30:00 PM,55.711,0.0,,,,,
989,04/06/17 11:00:00 PM,55.189,0.0,,,,,
990,04/06/17 11:30:00 PM,54.322,0.0,,,,,
991,04/07/17 12:00:00 AM,52.576,0.0,,,,,
992,04/07/17 12:30:00 AM,50.113,0.0,,,,,
993,04/07/17 01:00:00 AM,48.339,0.0,,,,,
994,04/07/17 01:30:00 AM,48.871,0.0,,,,,
995,04/07/17 02:00:00 AM,47.088,0.0,,,,,
996,04/07/17 02:30:00 AM,46.188,0.0,,,,,
997,04/07/17 03:00:00 AM,45.828,0.0,,,,,
998,04/07/17 03:30:00 AM,45.286,0.0,,,,,
999,04/07/17 04:00:00 AM,46.369,0.0,,,,,
1000,04/07/17 04:30:00 AM,46.369,0.0,,,,,
1001,04/07/17 05:00:00 AM,46.188,0.0,,,,,
1002,04/07/17 05:30:00 AM,48.517,0.0,,,,,
1003,04/07/17 06:00:00 AM,50.290,0.0,,,,,
1004,04/07/17 06:30:00 AM,49.404,72.0,,,,,
1005,04/07/17 07:00:00 AM,50.819,288.0,,,,,
1006,04/07/17 07:30:00 AM,52.576,608.0,,,,,
1007,04/07/17 08:00:00 AM,54.842,960.0,,,,,
1008,04/07/17 08:30:00 AM,57.096,1152.0,,,,,
1009,04/07/17 09:00:00 AM,58.476,1344.0,,,,,
1010,04/07/17 09:30:00 AM,60.712,1792.0,,,,,
1011,04/07/17 10:00:00 AM,63.455,2688.0,,,,,
1012,04/07/17 10:30:00 AM,69.449,4608.0,,,,,
1013,04/07/17 11:00:00 AM,73.753,4864.0,,,,,
1014,04/07/17 11:30:00 AM,82.330,7424.0,,,,,
1015,04/07/17 12:00:00 PM,85.915,7680.0,,,,,
1016,04/07/17 12:30:00 PM,87.915,7680.0,,,,,
1017,04/07/17 01:00:00 PM,93.115,10240.0,,,,,
1018,04/07/17 01:30:00 PM,94.062,8192.0,,,,,
1019,04/07/17 02:00:00 PM,90.124,6400.0,,,,,
1020,04/07/17 02:30:00 PM,89.755,6912.0,,,,,
1021,04/07/17 03:00:00 PM,90.309,6912.0,,,,,
1022,04/07/17 03:30:00 PM,86.277,5888.0,,,,,
1023,04/07/17 04:00:00 PM,87.733,6144.0,,,,,
1024,04/07/17 04:30:00 PM,88.650,6144.0,,,,,
1025,04/07/17 05:00:00 PM,88.466,8704.0,,,,,
1026,04/07/17 05:30:00 PM,84.474,4352.0,,,,,
1027,04/07/17 06:00:00 PM,73.926,1600.0,,,,,
1028,04/07/17 06:30:00 PM,67.906,672.0,,,,,
1029,04/07/17 07:00:00 PM,61.912,92.0,,,,,
1030,04/07/17 07:30:00 PM,57.785,0.0,,,,,
1031,04/07/17 08:00:00 PM,55.017,0.0,,,,,
1032,04/07/17 08:30:00 PM,53.623,0.0,,,,,
1033,04/07/17 09:00:00 PM,52.401,0.0,,,,,
1034,04/07/17 09:30:00 PM,51.346,0.0,,,,,
1035,04/07/17 10:00:00 PM,51.346,0.0,,,,,
1036,04/07/17 10:30:00 PM,52.225,0.0,,,,,
1037,04/07/17 11:00:00 PM,52.401,0.0,,,,,
1038,04/07/17 11:30:00 PM,53.100,0.0,,,,,
1039,04/08/17 12:00:00 AM,53.449,0.0,,,,,
1040,04/08/17 12:30:00 AM,53.798,0.0,,,,,
1041,04/08/17 01:00:00 AM,53.623,0.0,,,,,
1042,04/08/17 01:30:00 AM,53.449,0.0,,,,,
1043,04/08/17 02:00:00 AM,52.225,0.0,,,,,
1044,04/08/17 02:30:00 AM,50.819,0.0,,,,,
1045,04/08/17 03:00:00 AM,50.113,0.0,,,,,
1046,04/08/17 03:30:00 AM,49.937,0.0,,,,,
1047,04/08/17 04:00:00 AM,50.643,0.0,,,,,
1048,04/08/17 04:30:00 AM,50.290,0.0,,,,,
1049,04/08/17 05:00:00 AM,49.759,0.0,,,,,
1050,04/08/17 05:30:00 AM,49.228,0.0,,,,,
1051,04/08/17 06:00:00 AM,49.404,0.0,,,,,
1052,04/08/17 06:30:00 AM,49.228,47.0,,,,,
1053,04/08/17 07:00:00 AM,50.995,480.0,,,,,
1054,04/08/17 07:30:00 AM,53.449,704.0,,,,,
1055,04/08/17 08:00:00 AM,56.577,1920.0,,,,,
1056,04/08/17 08:30:00 AM,70.995,4608.0,,,,,
1057,04/08/17 09:00:00 AM,77.050,6912.0,,,,,
1058,04/08/17 09:30:00 AM,84.654,6912.0,,,,,
1059,04/08/17 10:00:00 AM,96.168,10752.0,,,,,
1060,04/08/17 10:30:00 AM,104.954,13312.0,,,,,
1061,04/08/17 11:00:00 AM,112.023,15872.0,,,,,
1062,04/08/17 11:30:00 AM,120.848,17408.0,,,,,
1063,04/08/17 12:00:00 PM,126.127,19456.0,,,,,
1064,04/08/17 12:30:00 PM,129.301,20480.0,,,,,
1065,04/08/17 01:00:00 PM,132.604,20480.0,,,,,
1066,04/08/17 01:30:00 PM,134.308,21504.0,,,,,
1067,04/08/17 02:00:00 PM,133.452,20480.0,,,,,
1068,04/08/17 02:30:00 PM,130.386,20480.0,,,,,
1069,04/08/17 03:00:00 PM,126.127,19456.0,,,,,
1070,04/08/17 03:30:00 PM,121.338,17408.0,,,,,
1071,04/08/17 04:00:00 PM,116.330,15360.0,,,,,
1072,04/08/17 04:30:00 PM,109.180,13312.0,,,,,
1073,04/08/17 05:00:00 PM,100.483,10752.0,,,,,
1074,04/08/17 05:30:00 PM,91.612,7424.0,,,,,
1075,04/08/17 06:00:00 PM,74.964,448.0,,,,,
1076,04/08/17 06:30:00 PM,66.708,320.0,,,,,
1077,04/08/17 07:00:00 PM,61.569,125.0,,,,,
1078,04/08/17 07:30:00 PM,57.441,0.0,,,,,
1079,04/08/17 08:00:00 PM,54.147,0.0,,,,,
1080,04/08/17 08:30:00 PM,51.346,0.0,,,,,
1081,04/08/17 09:00:00 PM,49.582,0.0,,,,,
1082,04/08/17 09:30:00 PM,48.339,0.0,,,,,
1083,04/08/17 10:00:00 PM,47.088,0.0,,,,,
1084,04/08/17 10:30:00 PM,45.648,0.0,,,,,
1085,04/08/17 11:00:00 PM,44.922,0.0,,,,,
1086,04/08/17 11:30:00 PM,44.379,0.0,,,,,
1087,04/09/17 12:00:00 AM,43.099,0.0,,,,,
1088,04/09/17 12:30:00 AM,42.548,0.0,,,,,
1089,04/09/17 01:00:00 AM,42.732,0.0,,,,,
1090,04/09/17 01:30:00 AM,42.179,0.0,,,,,
1091,04/09/17 02:00:00 AM,41.994,0.0,,,,,
1092,04/09/17 02:30:00 AM,42.548,0.0,,,,,
1093,04/09/17 03:00:00 AM,41.810,0.0,,,,,
1094,04/09/17 03:30:00 AM,41.810,0.0,,,,,
1095,04/09/17 04:00:00 AM,41.067,0.0,,,,,
1096,04/09/17 04:30:00 AM,40.509,0.0,,,,,
1097,04/09/17 05:00:00 AM,40.321,0.0,,,,,
1098,04/09/17 05:30:00 AM,40.134,0.0,,,,,
1099,04/09/17 06:00:00 AM,39.947,0.0,,,,,
1100,04/09/17 06:30:00 AM,40.509,200.0,,,,,
1101,04/09/17 07:00:00 AM,41.810,512.0,,,,,
1102,04/09/17 07:30:00 AM,45.104,1728.0,,,,,
1103,04/09/17 08:00:00 AM,47.624,1408.0,,,,,
1104,04/09/17 08:30:00 AM,58.993,5632.0,,,,,
1105,04/09/17 09:00:00 AM,65.338,4352.0,,,,,
1106,04/09/17 09:30:00 AM,71.683,7680.0,,,,,
1107,04/09/17 10:00:00 AM,81.090,10240.0,,,,,
1108,04/09/17 10:30:00 AM,91.053,12288.0,,,,,
1109,04/09/17 11:00:00 AM,96.942,16384.0,,,,,
1110,04/09/17 11:30:00 AM,101.685,11264.0,,,,,
1111,04/09/17 12:00:00 PM,98.699,10240.0,,,,,
1112,04/09/17 12:30:00 PM,95.016,11776.0,,,,,
1113,04/09/17 01:00:00 PM,104.333,15360.0,,,,,
1114,04/09/17 01:30:00 PM,105.786,20480.0,,,,,
1115,04/09/17 02:00:00 PM,113.814,17408.0,,,,,
1116,04/09/17 02:30:00 PM,96.168,9728.0,,,,,
1117,04/09/17 03:00:00 PM,98.307,20480.0,,,,,
1118,04/09/17 03:30:00 PM,106.414,17408.0,,,,,
1119,04/09/17 04:00:00 PM,101.484,15872.0,,,,,
1120,04/09/17 04:30:00 PM,97.916,13824.0,,,,,
1121,04/09/17 05:00:00 PM,91.612,10752.0,,,,,
1122,04/09/17 05:30:00 PM,84.115,7424.0,,,,,
1123,04/09/17 06:00:00 PM,68.248,432.0,,,,,
1124,04/09/17 06:30:00 PM,60.368,336.0,,,,,
1125,04/09/17 07:00:00 PM,55.884,136.0,,,,,
1126,04/09/17 07:30:00 PM,52.225,0.0,,,,,
1127,04/09/17 08:00:00 PM,50.113,0.0,,,,,
1128,04/09/17 08:30:00 PM,48.695,0.0,,,,,
1129,04/09/17 09:00:00 PM,47.266,0.0,,,,,
1130,04/09/17 09:30:00 PM,47.088,0.0,,,,,
1131,04/09/17 10:00:00 PM,46.548,0.0,,,,,
1132,04/09/17 10:30:00 PM,45.648,0.0,,,,,
1133,04/09/17 11:00:00 PM,44.922,0.0,,,,,
1134,04/09/17 11:30:00 PM,43.648,0.0,,,,,
1135,04/10/17 12:00:00 AM,43.466,0.0,,,,,
1136,04/10/17 12:30:00 AM,42.179,0.0,,,,,
1137,04/10/17 01:00:00 AM,41.439,0.0,,,,,
1138,04/10/17 01:30:00 AM,40.509,0.0,,,,,
1139,04/10/17 02:00:00 AM,40.881,0.0,,,,,
1140,04/10/17 02:30:00 AM,40.134,0.0,,,,,
1141,04/10/17 03:00:00 AM,40.321,0.0,,,,,
1142,04/10/17 03:30:00 AM,40.509,0.0,,,,,
1143,04/10/17 04:00:00 AM,40.134,0.0,,,,,
1144,04/10/17 04:30:00 AM,40.134,0.0,,,,,
1145,04/10/17 05:00:00 AM,39.947,0.0,,,,,
1146,04/10/17 05:30:00 AM,39.760,0.0,,,,,
1147,04/10/17 06:00:00 AM,39.384,0.0,,,,,
1148,04/10/17 06:30:00 AM,40.509,144.0,,,,,
1149,04/10/17 07:00:00 AM,42.179,576.0,,,,,
1150,04/10/17 07:30:00 AM,44.742,960.0,,,,,
1151,04/10/17 08:00:00 AM,49.228,1920.0,,,,,
1152,04/10/17 08:30:00 AM,62.769,4608.0,,,,,
1153,04/10/17 09:00:00 AM,74.964,6144.0,,,,,
1154,04/10/17 09:30:00 AM,87.186,8704.0,,,,,
1155,04/10/17 10:00:00 AM,98.897,11776.0,,,,,
1156,04/10/17 10:30:00 AM,110.482,13824.0,,,,,
1157,04/10/17 11:00:00 AM,117.968,16384.0,,,,,
1158,04/10/17 11:30:00 AM,126.127,18432.0,,,,,
1159,04/10/17 12:00:00 PM,131.211,20480.0,,,,,
1160,04/10/17 12:30:00 PM,132.604,21504.0,,,,,
1161,04/10/17 01:00:00 PM,134.308,21504.0,,,,,
1162,04/10/17 01:30:00 PM,136.051,20480.0,,,,,
1163,04/10/17 02:00:00 PM,132.044,19456.0,,,,,
1164,04/10/17 02:30:00 PM,132.044,21504.0,,,,,
1165,04/10/17 03:00:00 PM,129.841,19456.0,,,,,
1166,04/10/17 03:30:00 PM,124.331,17408.0,,,,,
1167,04/10/17 04:00:00 PM,119.637,16384.0,,,,,
1168,04/10/17 04:30:00 PM,111.801,13824.0,,,,,
1169,04/10/17 05:00:00 PM,103.512,10752.0,,,,,
1170,04/10/17 05:30:00 PM,95.016,7680.0,,,,,
1171,04/10/17 06:00:00 PM,78.274,432.0,,,,,
1172,04/10/17 06:30:00 PM,68.592,304.0,,,,,
1173,04/10/17 07:00:00 PM,62.425,144.0,,,,,
1174,04/10/17 07:30:00 PM,57.614,0.0,,,,,
1175,04/10/17 08:00:00 PM,53.973,0.0,,,,,
1176,04/10/17 08:30:00 PM,51.172,0.0,,,,,
1177,04/10/17 09:00:00 PM,49.228,0.0,,,,,
1178,04/10/17 09:30:00 PM,48.517,0.0,,,,,
1179,04/10/17 10:00:00 PM,46.728,0.0,,,,,
1180,04/10/17 10:30:00 PM,45.648,0.0,,,,,
1181,04/10/17 11:00:00 PM,45.466,0.0,,,,,
1182,04/10/17 11:30:00 PM,44.195,0.0,,,,,
1183,04/11/17 12:00:00 AM,44.195,0.0,,,,,
1184,04/11/17 12:30:00 AM,43.466,0.0,,,,,
1185,04/11/17 01:00:00 AM,41.994,0.0,,,,,
1186,04/11/17 01:30:00 AM,41.810,0.0,,,,,
1187,04/11/17 02:00:00 AM,41.810,0.0,,,,,
1188,04/11/17 02:30:00 AM,41.439,0.0,,,,,
1189,04/11/17 03:00:00 AM,40.509,0.0,,,,,
1190,04/11/17 03:30:00 AM,40.321,0.0,,,,,
1191,04/11/17 04:00:00 AM,40.696,0.0,,,,,
1192,04/11/17 04:30:00 AM,40.509,0.0,,,,,
1193,04/11/17 05:00:00 AM,40.321,0.0,,,,,
1194,04/11/17 05:30:00 AM,39.760,0.0,,,,,
1195,04/11/17 06:00:00 AM,38.818,0.0,,,,,
1196,04/11/17 06:30:00 AM,38.629,192.0,,,,,
1197,04/11/17 07:00:00 AM,40.881,512.0,,,,,
1198,04/11/17 07:30:00 AM,42.915,512.0,,,,,
1199,04/11/17 08:00:00 AM,46.188,1536.0,,,,,
1200,04/11/17 08:30:00 AM,65.851,4352.0,,,,,
1201,04/11/17 09:00:00 AM,82.864,6656.0,,,,,
1202,04/11/17 09:30:00 AM,94.633,9216.0,,,,,
1203,04/11/17 10:00:00 AM,100.483,8704.0,,,,,
1204,04/11/17 10:30:00 AM,109.828,14336.0,,,,,
1205,04/11/17 11:00:00 AM,120.119,16384.0,,,,,
1206,04/11/17 11:30:00 AM,125.096,18432.0,,,,,
1207,04/11/17 12:00:00 PM,119.878,13312.0,,,,,
1208,04/11/17 12:30:00 PM,125.096,16384.0,,,,,
1209,04/11/17 01:00:00 PM,128.496,16384.0,,,,,
1210,04/11/17 01:30:00 PM,129.301,21504.0,,,,,
1211,04/11/17 02:00:00 PM,133.736,21504.0,,,,,
1212,04/11/17 02:30:00 PM,132.885,17408.0,,,,,
1213,04/11/17 03:00:00 PM,110.264,7424.0,,,,,
1214,04/11/17 03:30:00 PM,100.283,6144.0,,,,,
1215,04/11/17 04:00:00 PM,92.737,3072.0,,,,,
1216,04/11/17 04:30:00 PM,86.097,3200.0,,,,,
1217,04/11/17 05:00:00 PM,84.834,2304.0,,,,,
1218,04/11/17 05:30:00 PM,81.266,2816.0,,,,,
1219,04/11/17 06:00:00 PM,79.678,2048.0,,,,,
1220,04/11/17 06:30:00 PM,72.199,896.0,,,,,
1221,04/11/17 07:00:00 PM,64.825,160.0,,,,,
1222,04/11/17 07:30:00 PM,59.164,0.0,,,,,
1223,04/11/17 08:00:00 PM,56.057,0.0,,,,,
1224,04/11/17 08:30:00 PM,54.147,0.0,,,,,
1225,04/11/17 09:00:00 PM,53.100,0.0,,,,,
1226,04/11/17 09:30:00 PM,52.225,0.0,,,,,
1227,04/11/17 10:00:00 PM,52.401,0.0,,,,,
1228,04/11/17 10:30:00 PM,50.995,0.0,,,,,
1229,04/11/17 11:00:00 PM,52.576,0.0,,,,,
1230,04/11/17 11:30:00 PM,52.225,0.0,,,,,
1231,04/12/17 12:00:00 AM,51.874,0.0,,,,,
1232,04/12/17 12:30:00 AM,51.172,0.0,,,,,
1233,04/12/17 01:00:00 AM,51.346,0.0,,,,,
1234,04/12/17 01:30:00 AM,50.466,0.0,,,,,
1235,04/12/17 02:00:00 AM,50.995,0.0,,,,,
1236,04/12/17 02:30:00 AM,51.172,0.0,,,,,
1237,04/12/17 03:00:00 AM,50.819,0.0,,,,,
1238,04/12/17 03:30:00 AM,50.819,0.0,,,,,
1239,04/12/17 04:00:00 AM,50.466,0.0,,,,,
1240,04/12/17 04:30:00 AM,50.466,0.0,,,,,
1241,04/12/17 05:00:00 AM,50.113,0.0,,,,,
1242,04/12/17 05:30:00 AM,49.228,0.0,,,,,
1243,04/12/17 06:00:00 AM,48.871,1.0,,,,,
1244,04/12/17 06:30:00 AM,48.695,160.0,,,,,
1245,04/12/17 07:00:00 AM,50.290,352.0,,,,,
1246,04/12/17 07:30:00 AM,52.050,480.0,,,,,
1247,04/12/17 08:00:00 AM,55.364,2432.0,,,,,
1248,04/12/17 08:30:00 AM,72.545,4352.0,,,,,
1249,04/12/17 09:00:00 AM,85.374,6400.0,,,,,
1250,04/12/17 09:30:00 AM,97.525,8704.0,,,,,
1251,04/12/17 10:00:00 AM,107.683,11264.0,,,,,
1252,04/12/17 10:30:00 AM,116.562,13824.0,,,,,
1253,04/12/17 11:00:00 AM,123.321,16384.0,,,,,
1254,04/12/17 11:30:00 AM,129.841,18432.0,,,,,
1255,04/12/17 12:00:00 PM,134.308,19456.0,,,,,
1256,04/12/17 12:30:00 PM,137.835,20480.0,,,,,
1257,04/12/17 01:00:00 PM,139.969,21504.0,,,,,
1258,04/12/17 01:30:00 PM,140.281,21504.0,,,,,
1259,04/12/17 02:00:00 PM,139.662,21504.0,,,,,
1260,04/12/17 02:30:00 PM,137.235,20480.0,,,,,
1261,04/12/17 03:00:00 PM,134.308,19456.0,,,,,
1262,04/12/17 03:30:00 PM,129.841,18432.0,,,,,
1263,04/12/17 04:00:00 PM,123.825,15872.0,,,,,
1264,04/12/17 04:30:00 PM,116.330,13312.0,,,,,
1265,04/12/17 05:00:00 PM,108.750,10752.0,,,,,
1266,04/12/17 05:30:00 PM,100.083,7424.0,,,,,
1267,04/12/17 06:00:00 PM,83.935,480.0,,,,,
1268,04/12/17 06:30:00 PM,75.832,352.0,,,,,
1269,04/12/17 07:00:00 PM,69.964,160.0,,,,,
1270,04/12/17 07:30:00 PM,65.509,0.0,,,,,
1271,04/12/17 08:00:00 PM,62.598,0.0,,,,,
1272,04/12/17 08:30:00 PM,59.851,0.0,,,,,
1273,04/12/17 09:00:00 PM,57.958,0.0,,,,,
1274,04/12/17 09:30:00 PM,56.750,0.0,,,,,
1275,04/12/17 10:00:00 PM,55.884,0.0,,,,,
1276,04/12/17 10:30:00 PM,54.669,0.0,,,,,
1277,04/12/17 11:00:00 PM,57.096,0.0,,,,,
1278,04/12/17 11:30:00 PM,56.577,0.0,,,,,
1279,04/13/17 12:00:00 AM,55.537,0.0,,,,,
1280,04/13/17 12:30:00 AM,53.973,0.0,,,,,
1281,04/13/17 01:00:00 AM,54.669,0.0,,,,,
1282,04/13/17 01:30:00 AM,53.798,0.0,,,,,
1283,04/13/17 02:00:00 AM,52.401,0.0,,,,,
1284,04/13/17 02:30:00 AM,53.100,0.0,,,,,
1285,04/13/17 03:00:00 AM,52.401,0.0,,,,,
1286,04/13/17 03:30:00 AM,51.874,0.0,,,,,
1287,04/13/17 04:00:00 AM,51.172,0.0,,,,,
1288,04/13/17 04:30:00 AM,50.819,0.0,,,,,
1289,04/13/17 05:00:00 AM,50.643,0.0,,,,,
1290,04/13/17 05:30:00 AM,50.113,0.0,,,,,
1291,04/13/17 06:00:00 AM,47.802,1.0,,,,,
1292,04/13/17 06:30:00 AM,45.466,152.0,,,,,
1293,04/13/17 07:00:00 AM,45.828,256.0,,,,,
1294,04/13/17 07:30:00 AM,46.008,368.0,,,,,
1295,04/13/17 08:00:00 AM,50.290,1792.0,,,,,
1296,04/13/17 08:30:00 AM,73.062,4608.0,,,,,
1297,04/13/17 09:00:00 AM,86.641,6656.0,,,,,
1298,04/13/17 09:30:00 AM,98.503,8704.0,,,,,
1299,04/13/17 10:00:00 AM,107.683,11264.0,,,,,
1300,04/13/17 10:30:00 AM,116.330,14336.0,,,,,
1301,04/13/17 11:00:00 AM,124.077,16384.0,,,,,
1302,04/13/17 11:30:00 AM,129.301,18432.0,,,,,
1303,04/13/17 12:00:00 PM,134.308,19456.0,,,,,
1304,04/13/17 12:30:00 PM,137.835,20480.0,,,,,
1305,04/13/17 01:00:00 PM,139.048,21504.0,,,,,
1306,04/13/17 01:30:00 PM,139.969,21504.0,,,,,
1307,04/13/17 02:00:00 PM,138.135,21504.0,,,,,
1308,04/13/17 02:30:00 PM,136.051,20480.0,,,,,
1309,04/13/17 03:00:00 PM,135.466,19456.0,,,,,
1310,04/13/17 03:30:00 PM,127.963,17408.0,,,,,
1311,04/13/17 04:00:00 PM,118.679,15360.0,,,,,
1312,04/13/17 04:30:00 PM,112.244,13312.0,,,,,
1313,04/13/17 05:00:00 PM,101.887,5888.0,,,,,
1314,04/13/17 05:30:00 PM,93.115,3584.0,,,,,
1315,04/13/17 06:00:00 PM,78.449,768.0,,,,,
1316,04/13/17 06:30:00 PM,70.651,480.0,,,,,
1317,04/13/17 07:00:00 PM,65.680,192.0,,,,,
1318,04/13/17 07:30:00 PM,61.569,0.0,,,,,
1319,04/13/17 08:00:00 PM,58.993,0.0,,,,,
1320,04/13/17 08:30:00 PM,56.923,0.0,,,,,
1321,04/13/17 09:00:00 PM,55.711,0.0,,,,,
1322,04/13/17 09:30:00 PM,53.798,0.0,,,,,
1323,04/13/17 10:00:00 PM,52.401,0.0,,,,,
1324,04/13/17 10:30:00 PM,51.699,0.0,,,,,
1325,04/13/17 11:00:00 PM,50.643,0.0,,,,,
1326,04/13/17 11:30:00 PM,49.582,0.0,,,,,
1327,04/14/17 12:00:00 AM,48.695,0.0,,,,,
1328,04/14/17 12:30:00 AM,47.802,0.0,,,,,
1329,04/14/17 01:00:00 AM,46.908,0.0,,,,,
1330,04/14/17 01:30:00 AM,46.369,0.0,,,,,
1331,04/14/17 02:00:00 AM,45.286,0.0,,,,,
1332,04/14/17 02:30:00 AM,44.922,0.0,,,,,
1333,04/14/17 03:00:00 AM,45.104,0.0,,,,,
1334,04/14/17 03:30:00 AM,44.379,0.0,,,,,
1335,04/14/17 04:00:00 AM,43.831,0.0,,,,,
1336,04/14/17 04:30:00 AM,43.282,0.0,,,,,
1337,04/14/17 05:00:00 AM,42.363,0.0,,,,,
1338,04/14/17 05:30:00 AM,42.179,0.0,,,,,
1339,04/14/17 06:00:00 AM,41.625,4.0,,,,,
1340,04/14/17 06:30:00 AM,41.625,192.0,,,,,
1341,04/14/17 07:00:00 AM,42.548,368.0,,,,,
1342,04/14/17 07:30:00 AM,43.648,496.0,,,,,
1343,04/14/17 08:00:00 AM,48.871,2688.0,,,,,
1344,04/14/17 08:30:00 AM,65.851,4608.0,,,,,
1345,04/14/17 09:00:00 AM,75.139,6912.0,,,,,
1346,04/14/17 09:30:00 AM,84.295,9216.0,,,,,
1347,04/14/17 10:00:00 AM,94.633,11776.0,,,,,
1348,04/14/17 10:30:00 AM,103.104,14336.0,,,,,
1349,04/14/17 11:00:00 AM,110.264,16384.0,,,,,
1350,04/14/17 11:30:00 AM,119.878,18432.0,,,,,
1351,04/14/17 12:00:00 PM,128.496,20480.0,,,,,
1352,04/14/17 12:30:00 PM,132.604,21504.0,,,,,
1353,04/14/17 01:00:00 PM,136.346,21504.0,,,,,
1354,04/14/17 01:30:00 PM,137.534,21504.0,,,,,
1355,04/14/17 02:00:00 PM,137.534,21504.0,,,,,
1356,04/14/17 02:30:00 PM,133.452,20480.0,,,,,
1357,04/14/17 03:00:00 PM,127.699,19456.0,,,,,
1358,04/14/17 03:30:00 PM,122.324,17408.0,,,,,
1359,04/14/17 04:00:00 PM,114.721,16384.0,,,,,
1360,04/14/17 04:30:00 PM,107.470,13824.0,,,,,
1361,04/14/17 05:00:00 PM,100.882,10752.0,,,,,
1362,04/14/17 05:30:00 PM,93.115,7680.0,,,,,
1363,04/14/17 06:00:00 PM,75.484,416.0,,,,,
1364,04/14/17 06:30:00 PM,67.906,288.0,,,,,
1365,04/14/17 07:00:00 PM,63.455,160.0,,,,,
1366,04/14/17 07:30:00 PM,60.024,0.0,,,,,
1367,04/14/17 08:00:00 PM,57.614,0.0,,,,,
1368,04/14/17 08:30:00 PM,56.057,0.0,,,,,
1369,04/14/17 09:00:00 PM,55.017,0.0,,,,,
1370,04/14/17 09:30:00 PM,54.147,0.0,,,,,
1371,04/14/17 10:00:00 PM,53.623,0.0,,,,,
1372,04/14/17 10:30:00 PM,53.100,0.0,,,,,
1373,04/14/17 11:00:00 PM,52.401,0.0,,,,,
1374,04/14/17 11:30:00 PM,52.050,0.0,,,,,
1375,04/15/17 12:00:00 AM,51.346,0.0,,,,,
1376,04/15/17 12:30:00 AM,50.466,0.0,,,,,
1377,04/15/17 01:00:00 AM,49.759,0.0,,,,,
1378,04/15/17 01:30:00 AM,49.582,0.0,,,,,
1379,04/15/17 02:00:00 AM,48.517,0.0,,,,,
1380,04/15/17 02:30:00 AM,48.339,0.0,,,,,
1381,04/15/17 03:00:00 AM,48.517,0.0,,,,,
1382,04/15/17 03:30:00 AM,48.339,0.0,,,,,
1383,04/15/17 04:00:00 AM,47.982,0.0,,,,,
1384,04/15/17 04:30:00 AM,47.802,0.0,,,,,
1385,04/15/17 05:00:00 AM,47.982,0.0,,,,,
1386,04/15/17 05:30:00 AM,47.982,0.0,,,,,
1387,04/15/17 06:00:00 AM,47.802,8.0,,,,,
1388,04/15/17 06:30:00 AM,48.160,176.0,,,,,
1389,04/15/17 07:00:00 AM,49.228,288.0,,,,,
1390,04/15/17 07:30:00 AM,50.113,400.0,,,,,
1391,04/15/17 08:00:00 AM,56.230,2432.0,,,,,
1392,04/15/17 08:30:00 AM,74.098,4608.0,,,,,
1393,04/15/17 09:00:00 AM,87.915,6912.0,,,,,
1394,04/15/17 09:30:00 AM,99.291,9216.0,,,,,
1395,04/15/17 10:00:00 AM,109.180,11776.0,,,,,
1396,04/15/17 10:30:00 AM,117.498,14336.0,,,,,
1397,04/15/17 11:00:00 AM,125.868,16384.0,,,,,
1398,04/15/17 11:30:00 AM,132.044,18432.0,,,,,
1399,04/15/17 12:00:00 PM,135.466,19456.0,,,,,
1400,04/15/17 12:30:00 PM,139.969,21504.0,,,,,
1401,04/15/17 01:00:00 PM,141.219,21504.0,,,,,
1402,04/15/17 01:30:00 PM,142.488,21504.0,,,,,
1403,04/15/17 02:00:00 PM,142.488,21504.0,,,,,
1404,04/15/17 02:30:00 PM,140.592,20480.0,,,,,
1405,04/15/17 03:00:00 PM,137.235,19456.0,,,,,
1406,04/15/17 03:30:00 PM,132.323,18432.0,,,,,
1407,04/15/17 04:00:00 PM,126.127,15872.0,,,,,
1408,04/15/17 04:30:00 PM,118.918,13312.0,,,,,
1409,04/15/17 05:00:00 PM,110.264,10240.0,,,,,
1410,04/15/17 05:30:00 PM,101.282,7424.0,,,,,
1411,04/15/17 06:00:00 PM,84.295,512.0,,,,,
1412,04/15/17 06:30:00 PM,75.832,400.0,,,,,
1413,04/15/17 07:00:00 PM,69.793,160.0,,,,,
1414,04/15/17 07:30:00 PM,64.825,0.0,,,,,
1415,04/15/17 08:00:00 PM,61.227,0.0,,,,,
1416,04/15/17 08:30:00 PM,58.647,0.0,,,,,
1417,04/15/17 09:00:00 PM,56.577,0.0,,,,,
1418,04/15/17 09:30:00 PM,55.189,0.0,,,,,
1419,04/15/17 10:00:00 PM,53.798,0.0,,,,,
1420,04/15/17 10:30:00 PM,52.576,0.0,,,,,
1421,04/15/17 11:00:00 PM,50.995,0.0,,,,,
1422,04/15/17 11:30:00 PM,49.759,0.0,,,,,
1423,04/16/17 12:00:00 AM,49.404,0.0,,,,,
1424,04/16/17 12:30:00 AM,48.517,0.0,,,,,
1425,04/16/17 01:00:00 AM,47.624,0.0,,,,,
1426,04/16/17 01:30:00 AM,46.728,0.0,,,,,
1427,04/16/17 02:00:00 AM,46.548,0.0,,,,,
1428,04/16/17 02:30:00 AM,47.266,0.0,,,,,
1429,04/16/17 03:00:00 AM,46.369,0.0,,,,,
1430,04/16/17 03:30:00 AM,45.466,0.0,,,,,
1431,04/16/17 04:00:00 AM,44.742,0.0,,,,,
1432,04/16/17 04:30:00 AM,45.648,0.0,,,,,
1433,04/16/17 05:00:00 AM,46.188,0.0,,,,,
1434,04/16/17 05:30:00 AM,47.802,0.0,,,,,
1435,04/16/17 06:00:00 AM,45.648,7.0,,,,,
1436,04/16/17 06:30:00 AM,44.922,128.0,,,,,
1437,04/16/17 07:00:00 AM,46.188,232.0,,,,,
1438,04/16/17 07:30:00 AM,46.548,336.0,,,,,
1439,04/16/17 08:00:00 AM,54.495,2176.0,,,,,
1440,04/16/17 08:30:00 AM,75.312,4864.0,,,,,
1441,04/16/17 09:00:00 AM,90.124,6912.0,,,,,
1442,04/16/17 09:30:00 AM,102.088,9216.0,,,,,
1443,04/16/17 10:00:00 AM,112.023,11264.0,,,,,
1444,04/16/17 10:30:00 AM,119.158,14336.0,,,,,
1445,04/16/17 11:00:00 AM,126.648,16384.0,,,,,
1446,04/16/17 11:30:00 AM,132.044,17408.0,,,,,
1447,04/16/17 12:00:00 PM,134.022,16384.0,,,,,
1448,04/16/17 12:30:00 PM,138.439,21504.0,,,,,
1449,04/16/17 01:00:00 PM,139.048,22528.0,,,,,
1450,04/16/17 01:30:00 PM,140.281,22528.0,,,,,
1451,04/16/17 02:00:00 PM,141.534,21504.0,,,,,
1452,04/16/17 02:30:00 PM,140.281,21504.0,,,,,
1453,04/16/17 03:00:00 PM,137.235,19456.0,,,,,
1454,04/16/17 03:30:00 PM,132.604,17408.0,,,,,
1455,04/16/17 04:00:00 PM,126.387,12288.0,,,,,
1456,04/16/17 04:30:00 PM,119.878,13824.0,,,,,
1457,04/16/17 05:00:00 PM,105.786,12288.0,,,,,
1458,04/16/17 05:30:00 PM,98.307,5888.0,,,,,
1459,04/16/17 06:00:00 PM,85.374,864.0,,,,,
1460,04/16/17 06:30:00 PM,77.923,480.0,,,,,
1461,04/16/17 07:00:00 PM,72.718,304.0,,,,,
1462,04/16/17 07:30:00 PM,67.906,1.0,,,,,
1463,04/16/17 08:00:00 PM,64.139,0.0,,,,,
1464,04/16/17 08:30:00 PM,61.912,0.0,,,,,
1465,04/16/17 09:00:00 PM,59.851,0.0,,,,,
1466,04/16/17 09:30:00 PM,58.647,0.0,,,,,
1467,04/16/17 10:00:00 PM,59.508,0.0,,,,,
1468,04/16/17 10:30:00 PM,60.195,0.0,,,,,
1469,04/16/17 11:00:00 PM,60.368,0.0,,,,,
1470,04/16/17 11:30:00 PM,60.024,0.0,,,,,
1471,04/17/17 12:00:00 AM,58.131,0.0,,,,,
1472,04/17/17 12:30:00 AM,57.441,0.0,,,,,
1473,04/17/17 01:00:00 AM,57.958,0.0,,,,,
1474,04/17/17 01:30:00 AM,56.577,0.0,,,,,
1475,04/17/17 02:00:00 AM,56.230,0.0,,,,,
1476,04/17/17 02:30:00 AM,55.884,0.0,,,,,
1477,04/17/17 03:00:00 AM,55.364,0.0,,,,,
1478,04/17/17 03:30:00 AM,55.711,0.0,,,,,
1479,04/17/17 04:00:00 AM,55.189,0.0,,,,,
1480,04/17/17 04:30:00 AM,54.147,0.0,,,,,
1481,04/17/17 05:00:00 AM,53.274,0.0,,,,,
1482,04/17/17 05:30:00 AM,53.449,0.0,,,,,
1483,04/17/17 06:00:00 AM,53.623,8.0,,,,,
1484,04/17/17 06:30:00 AM,53.973,216.0,,,,,
1485,04/17/17 07:00:00 AM,56.230,480.0,,,,,
1486,04/17/17 07:30:00 AM,56.230,336.0,,,,,
1487,04/17/17 08:00:00 AM,60.883,1088.0,,,,,
1488,04/17/17 08:30:00 AM,79.502,5120.0,,,,,
1489,04/17/17 09:00:00 AM,84.474,6144.0,,,,,
1490,04/17/17 09:30:00 AM,84.295,9216.0,,,,,
1491,04/17/17 10:00:00 AM,84.654,8192.0,,,,,
1492,04/17/17 10:30:00 AM,101.685,12800.0,,,,,
1493,04/17/17 11:00:00 AM,112.914,9216.0,,,,,
1494,04/17/17 11:30:00 AM,104.747,15872.0,,,,,
1495,04/17/17 12:00:00 PM,127.963,19456.0,,,,,
1496,04/17/17 12:30:00 PM,125.353,12288.0,,,,,
1497,04/17/17 01:00:00 PM,119.637,23552.0,,,,,
1498,04/17/17 01:30:00 PM,138.742,21504.0,,,,,
1499,04/17/17 02:00:00 PM,111.580,9216.0,,,,,
1500,04/17/17 02:30:00 PM,107.895,13312.0,,,,,
1501,04/17/17 03:00:00 PM,113.362,12288.0,,,,,
1502,04/17/17 03:30:00 PM,110.701,6144.0,,,,,
1503,04/17/17 04:00:00 PM,105.786,7680.0,,,,,
1504,04/17/17 04:30:00 PM,103.512,7168.0,,,,,
1505,04/17/17 05:00:00 PM,100.283,4352.0,,,,,
1506,04/17/17 05:30:00 PM,87.186,2560.0,,,,,
1507,04/17/17 06:00:00 PM,82.152,1472.0,,,,,
1508,04/17/17 06:30:00 PM,75.484,416.0,,,,,
1509,04/17/17 07:00:00 PM,70.480,232.0,,,,,
1510,04/17/17 07:30:00 PM,66.708,2.0,,,,,
1511,04/17/17 08:00:00 PM,64.825,0.0,,,,,
1512,04/17/17 08:30:00 PM,63.111,0.0,,,,,
1513,04/17/17 09:00:00 PM,61.741,0.0,,,,,
1514,04/17/17 09:30:00 PM,61.227,0.0,,,,,
1515,04/17/17 10:00:00 PM,60.195,0.0,,,,,
1516,04/17/17 10:30:00 PM,59.337,0.0,,,,,
1517,04/17/17 11:00:00 PM,59.164,0.0,,,,,
1518,04/17/17 11:30:00 PM,58.131,0.0,,,,,
1519,04/18/17 12:00:00 AM,56.923,0.0,,,,,
1520,04/18/17 12:30:00 AM,55.711,0.0,,,,,
1521,04/18/17 01:00:00 AM,54.669,0.0,,,,,
1522,04/18/17 01:30:00 AM,54.322,0.0,,,,,
1523,04/18/17 02:00:00 AM,54.669,0.0,,,,,
1524,04/18/17 02:30:00 AM,54.669,0.0,,,,,
1525,04/18/17 03:00:00 AM,54.842,0.0,,,,,
1526,04/18/17 03:30:00 AM,54.322,0.0,,,,,
1527,04/18/17 04:00:00 AM,53.623,0.0,,,,,
1528,04/18/17 04:30:00 AM,53.274,0.0,,,,,
1529,04/18/17 05:00:00 AM,52.925,0.0,,,,,
1530,04/18/17 05:30:00 AM,52.576,0.0,,,,,
1531,04/18/17 06:00:00 AM,52.750,19.0,,,,,
1532,04/18/17 06:30:00 AM,53.100,152.0,,,,,
1533,04/18/17 07:00:00 AM,53.449,232.0,,,,,
1534,04/18/17 07:30:00 AM,53.973,288.0,,,,,
1535,04/18/17 08:00:00 AM,64.481,864.0,,,,,
1536,04/18/17 08:30:00 AM,79.326,4864.0,,,,,
1537,04/18/17 09:00:00 AM,90.680,6912.0,,,,,
1538,04/18/17 09:30:00 AM,101.082,9216.0,,,,,
1539,04/18/17 10:00:00 AM,109.180,11264.0,,,,,
1540,04/18/17 10:30:00 AM,118.679,11776.0,,,,,
1541,04/18/17 11:00:00 AM,125.353,16384.0,,,,,
1542,04/18/17 11:30:00 AM,129.571,18432.0,,,,,
1543,04/18/17 12:00:00 PM,135.466,19456.0,,,,,
1544,04/18/17 12:30:00 PM,138.742,20480.0,,,,,
1545,04/18/17 01:00:00 PM,141.219,21504.0,,,,,
1546,04/18/17 01:30:00 PM,139.662,13824.0,,,,,
1547,04/18/17 02:00:00 PM,136.938,22528.0,,,,,
1548,04/18/17 02:30:00 PM,107.470,3200.0,,,,,
1549,04/18/17 03:00:00 PM,110.046,4864.0,,,,,
1550,04/18/17 03:30:00 PM,120.119,17408.0,,,,,
1551,04/18/17 04:00:00 PM,113.587,13824.0,,,,,
1552,04/18/17 04:30:00 PM,112.023,13312.0,,,,,
1553,04/18/17 05:00:00 PM,105.786,9728.0,,,,,
1554,04/18/17 05:30:00 PM,97.720,7168.0,,,,,
1555,04/18/17 06:00:00 PM,83.579,496.0,,,,,
1556,04/18/17 06:30:00 PM,76.181,336.0,,,,,
1557,04/18/17 07:00:00 PM,71.512,160.0,,,,,
1558,04/18/17 07:30:00 PM,67.564,5.0,,,,,
1559,04/18/17 08:00:00 PM,64.996,0.0,,,,,
1560,04/18/17 08:30:00 PM,62.940,0.0,,,,,
1561,04/18/17 09:00:00 PM,61.227,0.0,,,,,
1562,04/18/17 09:30:00 PM,59.680,0.0,,,,,
1563,04/18/17 10:00:00 PM,58.131,0.0,,,,,
1564,04/18/17 10:30:00 PM,56.577,0.0,,,,,
1565,04/18/17 11:00:00 PM,55.189,0.0,,,,,
1566,04/18/17 11:30:00 PM,54.147,0.0,,,,,
1567,04/19/17 12:00:00 AM,53.449,0.0,,,,,
1568,04/19/17 12:30:00 AM,52.750,0.0,,,,,
1569,04/19/17 01:00:00 AM,52.050,0.0,,,,,
1570,04/19/17 01:30:00 AM,51.699,0.0,,,,,
1571,04/19/17 02:00:00 AM,50.819,0.0,,,,,
1572,04/19/17 02:30:00 AM,50.290,0.0,,,,,
1573,04/19/17 03:00:00 AM,49.582,0.0,,,,,
1574,04/19/17 03:30:00 AM,49.404,0.0,,,,,
1575,04/19/17 04:00:00 AM,48.871,0.0,,,,,
1576,04/19/17 04:30:00 AM,48.339,0.0,,,,,
1577,04/19/17 05:00:00 AM,47.802,0.0,,,,,
1578,04/19/17 05:30:00 AM,47.088,0.0,,,,,
1579,04/19/17 06:00:00 AM,45.286,18.0,,,,,
1580,04/19/17 06:30:00 AM,46.008,184.0,,,,,
1581,04/19/17 07:00:00 AM,48.160,288.0,,,,,
1582,04/19/17 07:30:00 AM,49.582,416.0,,,,,
1583,04/19/17 08:00:00 AM,59.337,1408.0,,,,,
1584,04/19/17 08:30:00 AM,74.098,4864.0,,,,,
1585,04/19/17 09:00:00 AM,85.014,6912.0,,,,,
1586,04/19/17 09:30:00 AM,95.016,9216.0,,,,,
1587,04/19/17 10:00:00 AM,102.088,11776.0,,,,,
1588,04/19/17 10:30:00 AM,111.139,13824.0,,,,,
1589,04/19/17 11:00:00 AM,114.039,17408.0,,,,,
1590,04/19/17 11:30:00 AM,123.071,18432.0,,,,,
1591,04/19/17 12:00:00 PM,125.611,20480.0,,,,,
1592,04/19/17 12:30:00 PM,132.044,21504.0,,,,,
1593,04/19/17 01:00:00 PM,135.466,21504.0,,,,,
1594,04/19/17 01:30:00 PM,136.938,21504.0,,,,,
1595,04/19/17 02:00:00 PM,138.135,21504.0,,,,,
1596,04/19/17 02:30:00 PM,138.439,20480.0,,,,,
1597,04/19/17 03:00:00 PM,135.466,19456.0,,,,,
1598,04/19/17 03:30:00 PM,131.488,18432.0,,,,,
1599,04/19/17 04:00:00 PM,125.868,15872.0,,,,,
1600,04/19/17 04:30:00 PM,117.028,13312.0,,,,,
1601,04/19/17 05:00:00 PM,108.108,10752.0,,,,,
1602,04/19/17 05:30:00 PM,99.687,7680.0,,,,,
1603,04/19/17 06:00:00 PM,84.295,352.0,,,,,
1604,04/19/17 06:30:00 PM,74.791,248.0,,,,,
1605,04/19/17 07:00:00 PM,69.964,144.0,,,,,
1606,04/19/17 07:30:00 PM,66.022,6.0,,,,,
1607,04/19/17 08:00:00 PM,63.968,0.0,,,,,
1608,04/19/17 08:30:00 PM,62.083,0.0,,,,,
1609,04/19/17 09:00:00 PM,61.398,0.0,,,,,
1610,04/19/17 09:30:00 PM,61.054,0.0,,,,,
1611,04/19/17 10:00:00 PM,59.164,0.0,,,,,
1612,04/19/17 10:30:00 PM,58.131,0.0,,,,,
1613,04/19/17 11:00:00 PM,57.441,0.0,,,,,
1614,04/19/17 11:30:00 PM,56.404,0.0,,,,,
1615,04/20/17 12:00:00 AM,55.189,0.0,,,,,
1616,04/20/17 12:30:00 AM,54.842,0.0,,,,,
1617,04/20/17 01:00:00 AM,53.973,0.0,,,,,
1618,04/20/17 01:30:00 AM,54.147,0.0,,,,,
1619,04/20/17 02:00:00 AM,54.147,0.0,,,,,
1620,04/20/17 02:30:00 AM,53.798,0.0,,,,,
1621,04/20/17 03:00:00 AM,53.100,0.0,,,,,
1622,04/20/17 03:30:00 AM,53.100,0.0,,,,,
1623,04/20/17 04:00:00 AM,53.798,0.0,,,,,
1624,04/20/17 04:30:00 AM,53.274,0.0,,,,,
1625,04/20/17 05:00:00 AM,52.576,0.0,,,,,
1626,04/20/17 05:30:00 AM,52.050,0.0,,,,,
1627,04/20/17 06:00:00 AM,52.401,28.0,,,,,
1628,04/20/17 06:30:00 AM,53.798,160.0,,,,,
1629,04/20/17 07:00:00 AM,54.147,248.0,,,,,
1630,04/20/17 07:30:00 AM,55.189,512.0,,,,,
1631,04/20/17 08:00:00 AM,63.455,1024.0,,,,,
1632,04/20/17 08:30:00 AM,78.449,3200.0,,,,,
1633,04/20/17 09:00:00 AM,88.650,5632.0,,,,,
1634,04/20/17 09:30:00 AM,103.717,9728.0,,,,,
1635,04/20/17 10:00:00 AM,112.914,12288.0,,,,,
1636,04/20/17 10:30:00 AM,117.262,14848.0,,,,,
1637,04/20/17 11:00:00 AM,123.573,17408.0,,,,,
1638,04/20/17 11:30:00 AM,131.211,19456.0,,,,,
1639,04/20/17 12:00:00 PM,134.884,20480.0,,,,,
1640,04/20/17 12:30:00 PM,138.742,21504.0,,,,,
1641,04/20/17 01:00:00 PM,141.219,22528.0,,,,,
1642,04/20/17 01:30:00 PM,142.808,22528.0,,,,,
1643,04/20/17 02:00:00 PM,141.534,22528.0,,,,,
1644,04/20/17 02:30:00 PM,137.835,21504.0,,,,,
1645,04/20/17 03:00:00 PM,134.308,20480.0,,,,,
1646,04/20/17 03:30:00 PM,130.386,18432.0,,,,,
1647,04/20/17 04:00:00 PM,126.127,16384.0,,,,,
1648,04/20/17 04:30:00 PM,115.637,13824.0,,,,,
1649,04/20/17 05:00:00 PM,108.750,11264.0,,,,,
1650,04/20/17 05:30:00 PM,100.882,8192.0,,,,,
1651,04/20/17 06:00:00 PM,84.834,304.0,,,,,
1652,04/20/17 06:30:00 PM,73.926,232.0,,,,,
1653,04/20/17 07:00:00 PM,70.137,136.0,,,,,
1654,04/20/17 07:30:00 PM,67.050,10.0,,,,,
1655,04/20/17 08:00:00 PM,64.996,0.0,,,,,
1656,04/20/17 08:30:00 PM,63.455,0.0,,,,,
1657,04/20/17 09:00:00 PM,61.569,0.0,,,,,
1658,04/20/17 09:30:00 PM,61.054,0.0,,,,,
1659,04/20/17 10:00:00 PM,60.368,0.0,,,,,
1660,04/20/17 10:30:00 PM,60.024,0.0,,,,,
1661,04/20/17 11:00:00 PM,58.647,0.0,,,,,
1662,04/20/17 11:30:00 PM,57.614,0.0,,,,,
1663,04/21/17 12:00:00 AM,58.303,0.0,,,,,
1664,04/21/17 12:30:00 AM,57.958,0.0,,,,,
1665,04/21/17 01:00:00 AM,57.614,0.0,,,,,
1666,04/21/17 01:30:00 AM,57.785,0.0,,,,,
1667,04/21/17 02:00:00 AM,57.268,0.0,,,,,
1668,04/21/17 02:30:00 AM,57.268,0.0,,,,,
1669,04/21/17 03:00:00 AM,57.096,0.0,,,,,
1670,04/21/17 03:30:00 AM,56.057,0.0,,,,,
1671,04/21/17 04:00:00 AM,56.230,0.0,,,,,
1672,04/21/17 04:30:00 AM,55.711,0.0,,,,,
1673,04/21/17 05:00:00 AM,54.842,0.0,,,,,
1674,04/21/17 05:30:00 AM,54.147,0.0,,,,,
1675,04/21/17 06:00:00 AM,53.100,34.0,,,,,
1676,04/21/17 06:30:00 AM,52.750,168.0,,,,,
1677,04/21/17 07:00:00 AM,52.925,240.0,,,,,
1678,04/21/17 07:30:00 AM,55.017,1216.0,,,,,
1679,04/21/17 08:00:00 AM,61.569,1920.0,,,,,
1680,04/21/17 08:30:00 AM,76.876,5120.0,,,,,
1681,04/21/17 09:00:00 AM,87.552,7168.0,,,,,
1682,04/21/17 09:30:00 AM,95.976,9216.0,,,,,
1683,04/21/17 10:00:00 AM,104.128,11776.0,,,,,
1684,04/21/17 10:30:00 AM,108.964,14336.0,,,,,
1685,04/21/17 11:00:00 AM,119.878,16384.0,,,,,
1686,04/21/17 11:30:00 AM,128.763,18432.0,,,,,
1687,04/21/17 12:00:00 PM,131.211,20480.0,,,,,
1688,04/21/17 12:30:00 PM,134.884,21504.0,,,,,
1689,04/21/17 01:00:00 PM,134.596,21504.0,,,,,
1690,04/21/17 01:30:00 PM,136.641,21504.0,,,,,
1691,04/21/17 02:00:00 PM,134.884,21504.0,,,,,
1692,04/21/17 02:30:00 PM,132.323,20480.0,,,,,
1693,04/21/17 03:00:00 PM,132.044,19456.0,,,,,
1694,04/21/17 03:30:00 PM,129.031,17408.0,,,,,
1695,04/21/17 04:00:00 PM,124.840,15872.0,,,,,
1696,04/21/17 04:30:00 PM,119.637,13312.0,,,,,
1697,04/21/17 05:00:00 PM,113.137,10752.0,,,,,
1698,04/21/17 05:30:00 PM,104.747,7680.0,,,,,
1699,04/21/17 06:00:00 PM,89.017,400.0,,,,,
1700,04/21/17 06:30:00 PM,77.574,288.0,,,,,
1701,04/21/17 07:00:00 PM,72.545,160.0,,,,,
1702,04/21/17 07:30:00 PM,68.421,10.0,,,,,
1703,04/21/17 08:00:00 PM,65.509,0.0,,,,,
1704,04/21/17 08:30:00 PM,63.455,0.0,,,,,
1705,04/21/17 09:00:00 PM,61.398,0.0,,,,,
1706,04/21/17 09:30:00 PM,60.195,0.0,,,,,
1707,04/21/17 10:00:00 PM,58.303,0.0,,,,,
1708,04/21/17 10:30:00 PM,57.268,0.0,,,,,
1709,04/21/17 11:00:00 PM,55.189,0.0,,,,,
1710,04/21/17 11:30:00 PM,53.100,0.0,,,,,
1711,04/22/17 12:00:00 AM,52.401,0.0,,,,,
1712,04/22/17 12:30:00 AM,52.925,0.0,,,,,
1713,04/22/17 01:00:00 AM,53.798,0.0,,,,,
1714,04/22/17 01:30:00 AM,53.973,0.0,,,,,
1715,04/22/17 02:00:00 AM,54.322,0.0,,,,,
1716,04/22/17 02:30:00 AM,54.147,0.0,,,,,
1717,04/22/17 03:00:00 AM,53.973,0.0,,,,,
1718,04/22/17 03:30:00 AM,53.798,0.0,,,,,
1719,04/22/17 04:00:00 AM,54.147,0.0,,,,,
1720,04/22/17 04:30:00 AM,53.623,0.0,,,,,
1721,04/22/17 05:00:00 AM,53.274,0.0,,,,,
1722,04/22/17 05:30:00 AM,53.100,0.0,,,,,
1723,04/22/17 06:00:00 AM,50.995,43.0,,,,,
1724,04/22/17 06:30:00 AM,49.404,208.0,,,,,
1725,04/22/17 07:00:00 AM,51.346,320.0,,,,,
1726,04/22/17 07:30:00 AM,56.750,1792.0,,,,,
1727,04/22/17 08:00:00 AM,64.139,2048.0,,,,,
1728,04/22/17 08:30:00 AM,83.579,5376.0,,,,,
1729,04/22/17 09:00:00 AM,95.976,7424.0,,,,,
1730,04/22/17 09:30:00 AM,107.470,10240.0,,,,,
1731,04/22/17 10:00:00 AM,112.244,10752.0,,,,,
1732,04/22/17 10:30:00 AM,120.119,12800.0,,,,,
1733,04/22/17 11:00:00 AM,125.611,14848.0,,,,,
1734,04/22/17 11:30:00 AM,134.596,19456.0,,,,,
1735,04/22/17 12:00:00 PM,140.281,20480.0,,,,,
1736,04/22/17 12:30:00 PM,143.780,21504.0,,,,,
1737,04/22/17 01:00:00 PM,148.145,22528.0,,,,,
1738,04/22/17 01:30:00 PM,149.191,21504.0,,,,,
1739,04/22/17 02:00:00 PM,147.456,21504.0,,,,,
1740,04/22/17 02:30:00 PM,145.427,21504.0,,,,,
1741,04/22/17 03:00:00 PM,142.808,19456.0,,,,,
1742,04/22/17 03:30:00 PM,137.235,18432.0,,,,,
1743,04/22/17 04:00:00 PM,131.765,15872.0,,,,,
1744,04/22/17 04:30:00 PM,125.096,13824.0,,,,,
1745,04/22/17 05:00:00 PM,115.867,10752.0,,,,,
1746,04/22/17 05:30:00 PM,107.683,6400.0,,,,,
1747,04/22/17 06:00:00 PM,93.873,704.0,,,,,
1748,04/22/17 06:30:00 PM,82.864,432.0,,,,,
1749,04/22/17 07:00:00 PM,75.484,168.0,,,,,
1750,04/22/17 07:30:00 PM,70.308,5.0,,,,,
1751,04/22/17 08:00:00 PM,66.879,0.0,,,,,
1752,04/22/17 08:30:00 PM,64.996,0.0,,,,,
1753,04/22/17 09:00:00 PM,62.940,0.0,,,,,
1754,04/22/17 09:30:00 PM,61.741,0.0,,,,,
1755,04/22/17 10:00:00 PM,59.508,0.0,,,,,
1756,04/22/17 10:30:00 PM,57.958,0.0,,,,,
1757,04/22/17 11:00:00 PM,56.750,0.0,,,,,
1758,04/22/17 11:30:00 PM,55.711,0.0,,,,,
1759,04/23/17 12:00:00 AM,54.669,0.0,,,,,
1760,04/23/17 12:30:00 AM,53.798,0.0,,,,,
1761,04/23/17 01:00:00 AM,52.925,0.0,,,,,
1762,04/23/17 01:30:00 AM,52.050,0.0,,,,,
1763,04/23/17 02:00:00 AM,51.172,0.0,,,,,
1764,04/23/17 02:30:00 AM,51.172,0.0,,,,,
1765,04/23/17 03:00:00 AM,50.290,0.0,,,,,
1766,04/23/17 03:30:00 AM,50.113,0.0,,,,,
1767,04/23/17 04:00:00 AM,50.466,0.0,,,,,
1768,04/23/17 04:30:00 AM,50.466,0.0,,,,,
1769,04/23/17 05:00:00 AM,49.582,0.0,,,,,
1770,04/23/17 05:30:00 AM,49.937,0.0,,,,,
1771,04/23/17 06:00:00 AM,50.113,64.0,,,,,
1772,04/23/17 06:30:00 AM,51.523,496.0,,,,,
1773,04/23/17 07:00:00 AM,56.577,1152.0,,,,,
1774,04/23/17 07:30:00 AM,62.254,1920.0,,,,,
1775,04/23/17 08:00:00 AM,66.537,2560.0,,,,,
1776,04/23/17 08:30:00 AM,69.107,2816.0,,,,,
1777,04/23/17 09:00:00 AM,89.017,7168.0,,,,,
1778,04/23/17 09:30:00 AM,94.253,7168.0,,,,,
1779,04/23/17 10:00:00 AM,110.046,11776.0,,,,,
1780,04/23/17 10:30:00 AM,121.093,14336.0,,,,,
1781,04/23/17 11:00:00 AM,129.571,16384.0,,,,,
1782,04/23/17 11:30:00 AM,135.466,18432.0,,,,,
1783,04/23/17 12:00:00 PM,136.938,20480.0,,,,,
1784,04/23/17 12:30:00 PM,141.850,21504.0,,,,,
1785,04/23/17 01:00:00 PM,146.433,21504.0,,,,,
1786,04/23/17 01:30:00 PM,147.799,22528.0,,,,,
1787,04/23/17 02:00:00 PM,146.773,21504.0,,,,,
1788,04/23/17 02:30:00 PM,143.454,20480.0,,,,,
1789,04/23/17 03:00:00 PM,139.354,19456.0,,,,,
1790,04/23/17 03:30:00 PM,134.884,17408.0,,,,,
1791,04/23/17 04:00:00 PM,130.386,15872.0,,,,,
1792,04/23/17 04:30:00 PM,122.324,12800.0,,,,,
1793,04/23/17 05:00:00 PM,110.046,6400.0,,,,,
1794,04/23/17 05:30:00 PM,106.835,6912.0,,,,,
1795,04/23/17 06:00:00 PM,93.873,608.0,,,,,
1796,04/23/17 06:30:00 PM,82.508,496.0,,,,,
1797,04/23/17 07:00:00 PM,76.703,240.0,,,,,
1798,04/23/17 07:30:00 PM,72.718,6.0,,,,,
1799,04/23/17 08:00:00 PM,69.449,0.0,,,,,
1800,04/23/17 08:30:00 PM,67.221,0.0,,,,,
1801,04/23/17 09:00:00 PM,64.825,0.0,,,,,
1802,04/23/17 09:30:00 PM,62.769,0.0,,,,,
1803,04/23/17 10:00:00 PM,61.054,0.0,,,,,
1804,04/23/17 10:30:00 PM,59.508,0.0,,,,,
1805,04/23/17 11:00:00 PM,58.993,0.0,,,,,
1806,04/23/17 11:30:00 PM,58.131,0.0,,,,,
1807,04/24/17 12:00:00 AM,56.577,0.0,,,,,
1808,04/24/17 12:30:00 AM,56.750,0.0,,,,,
1809,04/24/17 01:00:00 AM,55.017,0.0,,,,,
1810,04/24/17 01:30:00 AM,53.274,0.0,,,,,
1811,04/24/17 02:00:00 AM,53.449,0.0,,,,,
1812,04/24/17 02:30:00 AM,54.147,0.0,,,,,
1813,04/24/17 03:00:00 AM,53.973,0.0,,,,,
1814,04/24/17 03:30:00 AM,53.449,0.0,,,,,
1815,04/24/17 04:00:00 AM,53.274,0.0,,,,,
1816,04/24/17 04:30:00 AM,52.750,0.0,,,,,
1817,04/24/17 05:00:00 AM,52.576,0.0,,,,,
1818,04/24/17 05:30:00 AM,54.322,0.0,,,,,
1819,04/24/17 06:00:00 AM,55.364,26.0,,,,,
1820,04/24/17 06:30:00 AM,55.884,200.0,,,,,
1821,04/24/17 07:00:00 AM,58.476,480.0,,,,,
1822,04/24/17 07:30:00 AM,60.195,1536.0,,,,,
1823,04/24/17 08:00:00 AM,66.879,3584.0,,,,,
1824,04/24/17 08:30:00 AM,66.879,2432.0,,,,,
1825,04/24/17 09:00:00 AM,80.559,4352.0,,,,,
1826,04/24/17 09:30:00 AM,94.633,5632.0,,,,,
1827,04/24/17 10:00:00 AM,97.137,3968.0,,,,,
1828,04/24/17 10:30:00 AM,103.512,8192.0,,,,,
1829,04/24/17 11:00:00 AM,115.637,17408.0,,,,,
1830,04/24/17 11:30:00 AM,106.624,17408.0,,,,,
1831,04/24/17 12:00:00 PM,104.540,10752.0,,,,,
1832,04/24/17 12:30:00 PM,115.178,15360.0,,,,,
1833,04/24/17 01:00:00 PM,125.868,19456.0,,,,,
1834,04/24/17 01:30:00 PM,129.301,19456.0,,,,,
1835,04/24/17 02:00:00 PM,122.324,16384.0,,,,,
1836,04/24/17 02:30:00 PM,128.763,15360.0,,,,,
1837,04/24/17 03:00:00 PM,123.573,15872.0,,,,,
1838,04/24/17 03:30:00 PM,118.679,10240.0,,,,,
1839,04/24/17 04:00:00 PM,106.624,10240.0,,,,,
1840,04/24/17 04:30:00 PM,104.333,9216.0,,,,,
1841,04/24/17 05:00:00 PM,97.137,3456.0,,,,,
1842,04/24/17 05:30:00 PM,86.097,3456.0,,,,,
1843,04/24/17 06:00:00 PM,80.206,1600.0,,,,,
1844,04/24/17 06:30:00 PM,74.446,1088.0,,,,,
1845,04/24/17 07:00:00 PM,67.906,200.0,,,,,
1846,04/24/17 07:30:00 PM,64.310,3.0,,,,,
1847,04/24/17 08:00:00 PM,62.425,0.0,,,,,
1848,04/24/17 08:30:00 PM,60.539,0.0,,,,,
1849,04/24/17 09:00:00 PM,59.680,0.0,,,,,
1850,04/24/17 09:30:00 PM,58.131,0.0,,,,,
1851,04/24/17 10:00:00 PM,57.441,0.0,,,,,
1852,04/24/17 10:30:00 PM,56.577,0.0,,,,,
1853,04/24/17 11:00:00 PM,55.364,0.0,,,,,
1854,04/24/17 11:30:00 PM,55.711,0.0,,,,,
1855,04/25/17 12:00:00 AM,54.842,0.0,,,,,
1856,04/25/17 12:30:00 AM,53.449,0.0,,,,,
1857,04/25/17 01:00:00 AM,52.925,0.0,,,,,
1858,04/25/17 01:30:00 AM,52.050,0.0,,,,,
1859,04/25/17 02:00:00 AM,51.523,0.0,,,,,
1860,04/25/17 02:30:00 AM,51.172,0.0,,,,,
1861,04/25/17 03:00:00 AM,51.172,0.0,,,,,
1862,04/25/17 03:30:00 AM,50.643,0.0,,,,,
1863,04/25/17 04:00:00 AM,50.466,0.0,,,,,
1864,04/25/17 04:30:00 AM,49.937,0.0,,,,,
1865,04/25/17 05:00:00 AM,49.582,0.0,,,,,
1866,04/25/17 05:30:00 AM,49.582,0.0,,,,,
1867,04/25/17 06:00:00 AM,49.404,46.0,,,,,
1868,04/25/17 06:30:00 AM,50.290,288.0,,,,,
1869,04/25/17 07:00:00 AM,51.874,512.0,,,,,
1870,04/25/17 07:30:00 AM,56.750,1600.0,,,,,
1871,04/25/17 08:00:00 AM,60.883,2048.0,,,,,
1872,04/25/17 08:30:00 AM,73.062,5376.0,,,,,
1873,04/25/17 09:00:00 AM,81.266,6144.0,,,,,
1874,04/25/17 09:30:00 AM,90.309,9728.0,,,,,
1875,04/25/17 10:00:00 AM,98.503,9216.0,,,,,
1876,04/25/17 10:30:00 AM,106.414,14848.0,,,,,
1877,04/25/17 11:00:00 AM,107.258,16384.0,,,,,
1878,04/25/17 11:30:00 AM,120.362,9728.0,,,,,
1879,04/25/17 12:00:00 PM,111.139,7424.0,,,,,
1880,04/25/17 12:30:00 PM,126.648,20480.0,,,,,
1881,04/25/17 01:00:00 PM,132.604,22528.0,,,,,
1882,04/25/17 01:30:00 PM,133.167,13824.0,,,,,
1883,04/25/17 02:00:00 PM,135.466,21504.0,,,,,
1884,04/25/17 02:30:00 PM,128.496,17408.0,,,,,
1885,04/25/17 03:00:00 PM,120.848,11264.0,,,,,
1886,04/25/17 03:30:00 PM,111.801,9216.0,,,,,
1887,04/25/17 04:00:00 PM,110.482,11776.0,,,,,
1888,04/25/17 04:30:00 PM,103.104,11264.0,,,,,
1889,04/25/17 05:00:00 PM,100.483,9728.0,,,,,
1890,04/25/17 05:30:00 PM,94.062,6912.0,,,,,
1891,04/25/17 06:00:00 PM,82.508,992.0,,,,,
1892,04/25/17 06:30:00 PM,73.926,416.0,,,,,
1893,04/25/17 07:00:00 PM,68.934,208.0,,,,,
1894,04/25/17 07:30:00 PM,65.338,22.0,,,,,
1895,04/25/17 08:00:00 PM,62.940,0.0,,,,,
1896,04/25/17 08:30:00 PM,61.398,0.0,,,,,
1897,04/25/17 09:00:00 PM,59.508,0.0,,,,,
1898,04/25/17 09:30:00 PM,58.131,0.0,,,,,
1899,04/25/17 10:00:00 PM,57.096,0.0,,,,,
1900,04/25/17 10:30:00 PM,55.884,0.0,,,,,
1901,04/25/17 11:00:00 PM,53.449,0.0,,,,,
1902,04/25/17 11:30:00 PM,52.750,0.0,,,,,
1903,04/26/17 12:00:00 AM,51.874,0.0,,,,,
1904,04/26/17 12:30:00 AM,51.172,0.0,,,,,
1905,04/26/17 01:00:00 AM,51.523,0.0,,,,,
1906,04/26/17 01:30:00 AM,50.290,0.0,,,,,
1907,04/26/17 02:00:00 AM,51.172,0.0,,,,,
1908,04/26/17 02:30:00 AM,50.290,0.0,,,,,
1909,04/26/17 03:00:00 AM,48.695,0.0,,,,,
1910,04/26/17 03:30:00 AM,47.624,0.0,,,,,
1911,04/26/17 04:00:00 AM,46.728,0.0,,,,,
1912,04/26/17 04:30:00 AM,47.088,0.0,,,,,
1913,04/26/17 05:00:00 AM,47.266,0.0,,,,,
1914,04/26/17 05:30:00 AM,46.908,0.0,,,,,
1915,04/26/17 06:00:00 AM,46.369,34.0,,,,,
1916,04/26/17 06:30:00 AM,47.088,320.0,,,,,
1917,04/26/17 07:00:00 AM,48.339,416.0,,,,,
1918,04/26/17 07:30:00 AM,57.441,2048.0,,,,,
1919,04/26/17 08:00:00 AM,66.879,3456.0,,,,,
1920,04/26/17 08:30:00 AM,81.442,6144.0,,,,,
1921,04/26/17 09:00:00 AM,94.253,6912.0,,,,,
1922,04/26/17 09:30:00 AM,89.384,4096.0,,,,,
1923,04/26/17 10:00:00 AM,103.104,8192.0,,,,,
1924,04/26/17 10:30:00 AM,115.867,13312.0,,,,,
1925,04/26/17 11:00:00 AM,125.353,16384.0,,,,,
1926,04/26/17 11:30:00 AM,129.841,18432.0,,,,,
1927,04/26/17 12:00:00 PM,134.884,19456.0,,,,,
1928,04/26/17 12:30:00 PM,137.835,18432.0,,,,,
1929,04/26/17 01:00:00 PM,139.969,20480.0,,,,,
1930,04/26/17 01:30:00 PM,137.534,19456.0,,,,,
1931,04/26/17 02:00:00 PM,125.868,9728.0,,,,,
1932,04/26/17 02:30:00 PM,127.171,20480.0,,,,,
1933,04/26/17 03:00:00 PM,117.498,7936.0,,,,,
1934,04/26/17 03:30:00 PM,109.828,7680.0,,,,,
1935,04/26/17 04:00:00 PM,97.137,3840.0,,,,,
1936,04/26/17 04:30:00 PM,92.737,4096.0,,,,,
1937,04/26/17 05:00:00 PM,97.137,5632.0,,,,,
1938,04/26/17 05:30:00 PM,93.873,4864.0,,,,,
1939,04/26/17 06:00:00 PM,85.374,960.0,,,,,
1940,04/26/17 06:30:00 PM,75.832,336.0,,,,,
1941,04/26/17 07:00:00 PM,71.168,224.0,,,,,
1942,04/26/17 07:30:00 PM,67.906,13.0,,,,,
1943,04/26/17 08:00:00 PM,65.167,0.0,,,,,
1944,04/26/17 08:30:00 PM,63.111,0.0,,,,,
1945,04/26/17 09:00:00 PM,62.598,0.0,,,,,
1946,04/26/17 09:30:00 PM,61.398,0.0,,,,,
1947,04/26/17 10:00:00 PM,60.368,0.0,,,,,
1948,04/26/17 10:30:00 PM,61.054,0.0,,,,,
1949,04/26/17 11:00:00 PM,61.741,0.0,,,,,
1950,04/26/17 11:30:00 PM,60.712,0.0,,,,,
1951,04/27/17 12:00:00 AM,60.539,0.0,,,,,
1952,04/27/17 12:30:00 AM,59.337,0.0,,,,,
1953,04/27/17 01:00:00 AM,59.337,0.0,,,,,
1954,04/27/17 01:30:00 AM,59.164,0.0,,,,,
1955,04/27/17 02:00:00 AM,58.476,0.0,,,,,
1956,04/27/17 02:30:00 AM,57.614,0.0,,,,,
1957,04/27/17 03:00:00 AM,57.096,0.0,,,,,
1958,04/27/17 03:30:00 AM,56.404,0.0,,,,,
1959,04/27/17 04:00:00 AM,56.057,0.0,,,,,
1960,04/27/17 04:30:00 AM,55.364,0.0,,,,,
1961,04/27/17 05:00:00 AM,54.495,0.0,,,,,
1962,04/27/17 05:30:00 AM,53.449,0.0,,,,,
1963,04/27/17 06:00:00 AM,53.623,48.0,,,,,
1964,04/27/17 06:30:00 AM,54.495,400.0,,,,,
1965,04/27/17 07:00:00 AM,55.884,672.0,,,,,
1966,04/27/17 07:30:00 AM,61.741,1984.0,,,,,
1967,04/27/17 08:00:00 AM,67.735,3456.0,,,,,
1968,04/27/17 08:30:00 AM,76.703,5632.0,,,,,
1969,04/27/17 09:00:00 AM,86.459,7680.0,,,,,
1970,04/27/17 09:30:00 AM,94.633,9728.0,,,,,
1971,04/27/17 10:00:00 AM,102.088,11776.0,,,,,
1972,04/27/17 10:30:00 AM,112.023,13824.0,,,,,
1973,04/27/17 11:00:00 AM,117.732,17408.0,,,,,
1974,04/27/17 11:30:00 AM,121.582,17408.0,,,,,
1975,04/27/17 12:00:00 PM,127.699,18432.0,,,,,
1976,04/27/17 12:30:00 PM,119.158,12800.0,,,,,
1977,04/27/17 01:00:00 PM,120.848,19456.0,,,,,
1978,04/27/17 01:30:00 PM,129.031,17408.0,,,,,
1979,04/27/17 02:00:00 PM,116.100,15360.0,,,,,
1980,04/27/17 02:30:00 PM,123.321,11264.0,,,,,
1981,04/27/17 03:00:00 PM,98.503,3712.0,,,,,
1982,04/27/17 03:30:00 PM,100.483,5632.0,,,,,
1983,04/27/17 04:00:00 PM,106.414,8192.0,,,,,
1984,04/27/17 04:30:00 PM,109.612,6400.0,,,,,
1985,04/27/17 05:00:00 PM,105.577,9216.0,,,,,
1986,04/27/17 05:30:00 PM,96.748,1856.0,,,,,
1987,04/27/17 06:00:00 PM,85.194,336.0,,,,,
1988,04/27/17 06:30:00 PM,75.832,480.0,,,,,
1989,04/27/17 07:00:00 PM,72.891,304.0,,,,,
1990,04/27/17 07:30:00 PM,68.934,15.0,,,,,
1991,04/27/17 08:00:00 PM,65.851,0.0,,,,,
1992,04/27/17 08:30:00 PM,63.797,0.0,,,,,
1993,04/27/17 09:00:00 PM,61.398,0.0,,,,,
1994,04/27/17 09:30:00 PM,59.851,0.0,,,,,
1995,04/27/17 10:00:00 PM,58.993,0.0,,,,,
1996,04/27/17 10:30:00 PM,58.131,0.0,,,,,
1997,04/27/17 11:00:00 PM,57.614,0.0,,,,,
1998,04/27/17 11:30:00 PM,56.923,0.0,,,,,
1999,04/28/17 12:00:00 AM,56.057,0.0,,,,,
2000,04/28/17 12:30:00 AM,55.537,0.0,,,,,
2001,04/28/17 01:00:00 AM,54.842,0.0,,,,,
2002,04/28/17 01:30:00 AM,54.495,0.0,,,,,
2003,04/28/17 02:00:00 AM,53.623,0.0,,,,,
2004,04/28/17 02:30:00 AM,52.925,0.0,,,,,
2005,04/28/17 03:00:00 AM,52.225,0.0,,,,,
2006,04/28/17 03:30:00 AM,52.401,0.0,,,,,
2007,04/28/17 04:00:00 AM,52.225,0.0,,,,,
2008,04/28/17 04:30:00 AM,51.874,0.0,,,,,
2009,04/28/17 05:00:00 AM,51.346,0.0,,,,,
2010,04/28/17 05:30:00 AM,51.523,0.0,,,,,
2011,04/28/17 06:00:00 AM,51.346,48.0,,,,,
2012,04/28/17 06:30:00 AM,52.401,480.0,,,,,
2013,04/28/17 07:00:00 AM,53.623,992.0,,,,,
2014,04/28/17 07:30:00 AM,56.923,1728.0,,,,,
2015,04/28/17 08:00:00 AM,58.820,3072.0,,,,,
2016,04/28/17 08:30:00 AM,75.659,6144.0,,,,,
2017,04/28/17 09:00:00 AM,85.374,8704.0,,,,,
2018,04/28/17 09:30:00 AM,92.363,9728.0,,,,,
2019,04/28/17 10:00:00 AM,99.093,12288.0,,,,,
2020,04/28/17 10:30:00 AM,111.360,14848.0,,,,,
2021,04/28/17 11:00:00 AM,119.637,17408.0,,,,,
2022,04/28/17 11:30:00 AM,124.585,19456.0,,,,,
2023,04/28/17 12:00:00 PM,123.825,20480.0,,,,,
2024,04/28/17 12:30:00 PM,129.301,21504.0,,,,,
2025,04/28/17 01:00:00 PM,133.452,22528.0,,,,,
2026,04/28/17 01:30:00 PM,128.763,22528.0,,,,,
2027,04/28/17 02:00:00 PM,129.571,21504.0,,,,,
2028,04/28/17 02:30:00 PM,128.230,21504.0,,,,,
2029,04/28/17 03:00:00 PM,124.331,19456.0,,,,,
2030,04/28/17 03:30:00 PM,118.441,18432.0,,,,,
2031,04/28/17 04:00:00 PM,113.362,15872.0,,,,,
2032,04/28/17 04:30:00 PM,104.747,13312.0,,,,,
2033,04/28/17 05:00:00 PM,97.137,10240.0,,,,,
2034,04/28/17 05:30:00 PM,90.495,7680.0,,,,,
2035,04/28/17 06:00:00 PM,78.800,480.0,,,,,
2036,04/28/17 06:30:00 PM,67.564,288.0,,,,,
2037,04/28/17 07:00:00 PM,63.455,168.0,,,,,
2038,04/28/17 07:30:00 PM,60.024,28.0,,,,,
2039,04/28/17 08:00:00 PM,57.614,0.0,,,,,
2040,04/28/17 08:30:00 PM,55.711,0.0,,,,,
2041,04/28/17 09:00:00 PM,54.147,0.0,,,,,
2042,04/28/17 09:30:00 PM,52.576,0.0,,,,,
2043,04/28/17 10:00:00 PM,51.523,0.0,,,,,
2044,04/28/17 10:30:00 PM,49.937,0.0,,,,,
2045,04/28/17 11:00:00 PM,48.517,0.0,,,,,
2046,04/28/17 11:30:00 PM,48.695,0.0,,,,,
2047,04/29/17 12:00:00 AM,48.160,0.0,,,,,
2048,04/29/17 12:30:00 AM,47.446,0.0,,,,,
2049,04/29/17 01:00:00 AM,46.369,0.0,,,,,
2050,04/29/17 01:30:00 AM,45.104,0.0,,,,,
2051,04/29/17 02:00:00 AM,45.286,0.0,,,,,
2052,04/29/17 02:30:00 AM,45.648,0.0,,,,,
2053,04/29/17 03:00:00 AM,45.466,0.0,,,,,
2054,04/29/17 03:30:00 AM,44.013,0.0,,,,,
2055,04/29/17 04:00:00 AM,43.466,0.0,,,,,
2056,04/29/17 04:30:00 AM,43.099,0.0,,,,,
2057,04/29/17 05:00:00 AM,42.915,0.0,,,,,
2058,04/29/17 05:30:00 AM,42.363,0.0,,,,,
2059,04/29/17 06:00:00 AM,42.363,77.0,,,,,
2060,04/29/17 06:30:00 AM,42.548,176.0,,,,,
2061,04/29/17 07:00:00 AM,43.466,232.0,,,,,
2062,04/29/17 07:30:00 AM,52.050,864.0,,,,,
2063,04/29/17 08:00:00 AM,61.054,3584.0,,,,,
2064,04/29/17 08:30:00 AM,72.545,5888.0,,,,,
2065,04/29/17 09:00:00 AM,84.115,7936.0,,,,,
2066,04/29/17 09:30:00 AM,90.495,10240.0,,,,,
2067,04/29/17 10:00:00 AM,100.683,12288.0,,,,,
2068,04/29/17 10:30:00 AM,107.683,14848.0,,,,,
2069,04/29/17 11:00:00 AM,116.796,17408.0,,,,,
2070,04/29/17 11:30:00 AM,119.158,19456.0,,,,,
2071,04/29/17 12:00:00 PM,121.829,21504.0,,,,,
2072,04/29/17 12:30:00 PM,124.077,22528.0,,,,,
2073,04/29/17 01:00:00 PM,130.113,10752.0,,,,,
2074,04/29/17 01:30:00 PM,133.167,22528.0,,,,,
2075,04/29/17 02:00:00 PM,130.113,22528.0,,,,,
2076,04/29/17 02:30:00 PM,130.935,21504.0,,,,,
2077,04/29/17 03:00:00 PM,129.301,19456.0,,,,,
2078,04/29/17 03:30:00 PM,124.077,18432.0,,,,,
2079,04/29/17 04:00:00 PM,120.119,15872.0,,,,,
2080,04/29/17 04:30:00 PM,112.914,13312.0,,,,,
2081,04/29/17 05:00:00 PM,107.046,10752.0,,,,,
2082,04/29/17 05:30:00 PM,98.897,7680.0,,,,,
2083,04/29/17 06:00:00 PM,88.099,320.0,,,,,
2084,04/29/17 06:30:00 PM,72.718,208.0,,,,,
2085,04/29/17 07:00:00 PM,67.221,136.0,,,,,
2086,04/29/17 07:30:00 PM,63.111,30.0,,,,,
2087,04/29/17 08:00:00 PM,59.851,0.0,,,,,
2088,04/29/17 08:30:00 PM,57.614,0.0,,,,,
2089,04/29/17 09:00:00 PM,55.364,0.0,,,,,
2090,04/29/17 09:30:00 PM,53.798,0.0,,,,,
2091,04/29/17 10:00:00 PM,52.225,0.0,,,,,
2092,04/29/17 10:30:00 PM,50.113,0.0,,,,,
2093,04/29/17 11:00:00 PM,48.695,0.0,,,,,
2094,04/29/17 11:30:00 PM,47.802,0.0,,,,,
2095,04/30/17 12:00:00 AM,46.908,0.0,,,,,
2096,04/30/17 12:30:00 AM,45.828,0.0,,,,,
2097,04/30/17 01:00:00 AM,45.648,0.0,,,,,
2098,04/30/17 01:30:00 AM,44.560,0.0,,,,,
2099,04/30/17 02:00:00 AM,43.831,0.0,,,,,
2100,04/30/17 02:30:00 AM,43.466,0.0,,,,,
2101,04/30/17 03:00:00 AM,43.648,0.0,,,,,
2102,04/30/17 03:30:00 AM,43.831,0.0,,,,,
2103,04/30/17 04:00:00 AM,41.994,0.0,,,,,
2104,04/30/17 04:30:00 AM,41.994,0.0,,,,,
2105,04/30/17 05:00:00 AM,41.067,0.0,,,,,
2106,04/30/17 05:30:00 AM,40.321,0.0,,,,,
2107,04/30/17 06:00:00 AM,39.760,76.0,,,,,
2108,04/30/17 06:30:00 AM,40.134,168.0,,,,,
2109,04/30/17 07:00:00 AM,41.067,248.0,,,,,
2110,04/30/17 07:30:00 AM,51.172,768.0,,,,,
2111,04/30/17 08:00:00 AM,64.825,3968.0,,,,,
2112,04/30/17 08:30:00 AM,79.502,5888.0,,,,,
2113,04/30/17 09:00:00 AM,92.363,7936.0,,,,,
2114,04/30/17 09:30:00 AM,103.104,9728.0,,,,,
2115,04/30/17 10:00:00 AM,111.801,12288.0,,,,,
2116,04/30/17 10:30:00 AM,120.362,14848.0,,,,,
2117,04/30/17 11:00:00 AM,126.909,17408.0,,,,,
2118,04/30/17 11:30:00 AM,133.167,19456.0,,,,,
2119,04/30/17 12:00:00 PM,138.439,20480.0,,,,,
2120,04/30/17 12:30:00 PM,140.904,21504.0,,,,,
2121,04/30/17 01:00:00 PM,142.169,22528.0,,,,,
2122,04/30/17 01:30:00 PM,144.106,22528.0,,,,,
2123,04/30/17 02:00:00 PM,145.094,22528.0,,,,,
2124,04/30/17 02:30:00 PM,141.850,21504.0,,,,,
2125,04/30/17 03:00:00 PM,139.354,19456.0,,,,,
2126,04/30/17 03:30:00 PM,134.022,17408.0,,,,,
2127,04/30/17 04:00:00 PM,127.963,15872.0,,,,,
2128,04/30/17 04:30:00 PM,121.093,13312.0,,,,,
2129,04/30/17 05:00:00 PM,114.721,10240.0,,,,,
2130,04/30/17 05:30:00 PM,106.205,7680.0,,,,,
2131,04/30/17 06:00:00 PM,96.942,768.0,,,,,
2132,04/30/17 06:30:00 PM,79.502,224.0,,,,,
2133,04/30/17 07:00:00 PM,73.926,152.0,,,,,
2134,04/30/17 07:30:00 PM,68.934,34.0,,,,,
2135,04/30/17 08:00:00 PM,64.996,0.0,,,,,
2136,04/30/17 08:30:00 PM,62.940,0.0,,,,,
2137,04/30/17 09:00:00 PM,61.741,0.0,,,,,
2138,04/30/17 09:30:00 PM,59.508,0.0,,,,,
2139,04/30/17 10:00:00 PM,58.647,0.0,,,,,
2140,04/30/17 10:30:00 PM,59.337,0.0,,,,,
2141,04/30/17 11:00:00 PM,56.750,0.0,,,,,
2142,04/30/17 11:30:00 PM,57.958,0.0,,,,,
2143,05/01/17 12:00:00 AM,56.923,0.0,,,,,
2144,05/01/17 12:30:00 AM,56.923,0.0,,,,,
2145,05/01/17 01:00:00 AM,56.923,0.0,,,,,
2146,05/01/17 01:30:00 AM,56.577,0.0,,,,,
2147,05/01/17 02:00:00 AM,55.884,0.0,,,,,
2148,05/01/17 02:30:00 AM,55.884,0.0,,,,,
2149,05/01/17 03:00:00 AM,56.404,0.0,,,,,
2150,05/01/17 03:30:00 AM,56.057,0.0,,,,,
2151,05/01/17 04:00:00 AM,55.711,0.0,,,,,
2152,05/01/17 04:30:00 AM,55.364,0.0,,,,,
2153,05/01/17 05:00:00 AM,54.669,0.0,,,,,
2154,05/01/17 05:30:00 AM,54.147,0.0,,,,,
2155,05/01/17 06:00:00 AM,54.147,86.0,,,,,
2156,05/01/17 06:30:00 AM,55.884,184.0,,,,,
2157,05/01/17 07:00:00 AM,57.096,240.0,,,,,
2158,05/01/17 07:30:00 AM,65.338,768.0,,,,,
2159,05/01/17 08:00:00 AM,75.659,3968.0,,,,,
2160,05/01/17 08:30:00 AM,85.915,5888.0,,,,,
2161,05/01/17 09:00:00 AM,96.942,7936.0,,,,,
2162,05/01/17 09:30:00 AM,105.786,9728.0,,,,,
2163,05/01/17 10:00:00 AM,114.265,12288.0,,,,,
2164,05/01/17 10:30:00 AM,122.572,14848.0,,,,,
2165,05/01/17 11:00:00 AM,129.301,17408.0,,,,,
2166,05/01/17 11:30:00 AM,135.174,19456.0,,,,,
2167,05/01/17 12:00:00 PM,139.969,20480.0,,,,,
2168,05/01/17 12:30:00 PM,142.169,22528.0,,,,,
2169,05/01/17 01:00:00 PM,138.135,11776.0,,,,,
2170,05/01/17 01:30:00 PM,142.169,23552.0,,,,,
2171,05/01/17 02:00:00 PM,143.454,22528.0,,,,,
2172,05/01/17 02:30:00 PM,140.281,21504.0,,,,,
2173,05/01/17 03:00:00 PM,139.662,19456.0,,,,,
2174,05/01/17 03:30:00 PM,135.757,17408.0,,,,,
2175,05/01/17 04:00:00 PM,130.660,15360.0,,,,,
2176,05/01/17 04:30:00 PM,124.840,12800.0,,,,,
2177,05/01/17 05:00:00 PM,116.100,10240.0,,,,,
2178,05/01/17 05:30:00 PM,109.828,7680.0,,,,,
2179,05/01/17 06:00:00 PM,100.882,1216.0,,,,,
2180,05/01/17 06:30:00 PM,83.579,184.0,,,,,
2181,05/01/17 07:00:00 PM,78.274,128.0,,,,,
2182,05/01/17 07:30:00 PM,74.791,33.0,,,,,
2183,05/01/17 08:00:00 PM,72.028,0.0,,,,,
2184,05/01/17 08:30:00 PM,70.308,0.0,,,,,
2185,05/01/17 09:00:00 PM,68.421,0.0,,,,,
2186,05/01/17 09:30:00 PM,66.537,0.0,,,,,
2187,05/01/17 10:00:00 PM,64.139,0.0,,,,,
2188,05/01/17 10:30:00 PM,61.398,0.0,,,,,
2189,05/01/17 11:00:00 PM,60.368,0.0,,,,,
2190,05/01/17 11:30:00 PM,58.993,0.0,,,,,
2191,05/02/17 12:00:00 AM,58.131,0.0,,,,,
2192,05/02/17 12:30:00 AM,57.096,0.0,,,,,
2193,05/02/17 01:00:00 AM,56.057,0.0,,,,,
2194,05/02/17 01:30:00 AM,55.537,0.0,,,,,
2195,05/02/17 02:00:00 AM,54.495,0.0,,,,,
2196,05/02/17 02:30:00 AM,53.973,0.0,,,,,
2197,05/02/17 03:00:00 AM,53.449,0.0,,,,,
2198,05/02/17 03:30:00 AM,54.322,0.0,,,,,
2199,05/02/17 04:00:00 AM,54.842,0.0,,,,,
2200,05/02/17 04:30:00 AM,55.711,0.0,,,,,
2201,05/02/17 05:00:00 AM,54.669,0.0,,,,,
2202,05/02/17 05:30:00 AM,54.322,0.0,,,,,
2203,05/02/17 06:00:00 AM,54.669,87.0,,,,,
2204,05/02/17 06:30:00 AM,55.537,184.0,,,,,
2205,05/02/17 07:00:00 AM,55.884,240.0,,,,,
2206,05/02/17 07:30:00 AM,63.797,576.0,,,,,
2207,05/02/17 08:00:00 AM,76.006,3712.0,,,,,
2208,05/02/17 08:30:00 AM,85.014,6144.0,,,,,
2209,05/02/17 09:00:00 AM,95.590,8192.0,,,,,
2210,05/02/17 09:30:00 AM,106.414,10240.0,,,,,
2211,05/02/17 10:00:00 AM,116.562,12800.0,,,,,
2212,05/02/17 10:30:00 AM,125.868,15360.0,,,,,
2213,05/02/17 11:00:00 AM,134.884,17408.0,,,,,
2214,05/02/17 11:30:00 AM,141.219,19456.0,,,,,
2215,05/02/17 12:00:00 PM,146.433,21504.0,,,,,
2216,05/02/17 12:30:00 PM,149.896,21504.0,,,,,
2217,05/02/17 01:00:00 PM,149.191,22528.0,,,,,
2218,05/02/17 01:30:00 PM,150.609,22528.0,,,,,
2219,05/02/17 02:00:00 PM,148.145,22528.0,,,,,
2220,05/02/17 02:30:00 PM,147.799,21504.0,,,,,
2221,05/02/17 03:00:00 PM,145.427,19456.0,,,,,
2222,05/02/17 03:30:00 PM,141.850,17408.0,,,,,
2223,05/02/17 04:00:00 PM,136.641,15360.0,,,,,
2224,05/02/17 04:30:00 PM,129.301,12800.0,,,,,
2225,05/02/17 05:00:00 PM,121.338,9728.0,,,,,
2226,05/02/17 05:30:00 PM,113.814,7424.0,,,,,
2227,05/02/17 06:00:00 PM,105.370,1920.0,,,,,
2228,05/02/17 06:30:00 PM,87.915,208.0,,,,,
2229,05/02/17 07:00:00 PM,82.152,128.0,,,,,
2230,05/02/17 07:30:00 PM,78.098,24.0,,,,,
2231,05/02/17 08:00:00 PM,74.619,0.0,,,,,
2232,05/02/17 08:30:00 PM,71.683,0.0,,,,,
2233,05/02/17 09:00:00 PM,70.480,0.0,,,,,
2234,05/02/17 09:30:00 PM,68.421,0.0,,,,,
2235,05/02/17 10:00:00 PM,66.366,0.0,,,,,
2236,05/02/17 10:30:00 PM,64.652,0.0,,,,,
2237,05/02/17 11:00:00 PM,63.455,0.0,,,,,
2238,05/02/17 11:30:00 PM,62.769,0.0,,,,,
2239,05/03/17 12:00:00 AM,63.111,0.0,,,,,
2240,05/03/17 12:30:00 AM,63.797,0.0,,,,,
2241,05/03/17 01:00:00 AM,64.825,0.0,,,,,
2242,05/03/17 01:30:00 AM,64.310,0.0,,,,,
2243,05/03/17 02:00:00 AM,63.968,0.0,,,,,
2244,05/03/17 02:30:00 AM,62.254,0.0,,,,,
2245,05/03/17 03:00:00 AM,60.539,0.0,,,,,
2246,05/03/17 03:30:00 AM,61.054,0.0,,,,,
2247,05/03/17 04:00:00 AM,61.054,0.0,,,,,
2248,05/03/17 04:30:00 AM,61.398,0.0,,,,,
2249,05/03/17 05:00:00 AM,61.569,0.0,,,,,
2250,05/03/17 05:30:00 AM,62.083,0.0,,,,,
2251,05/03/17 06:00:00 AM,61.912,79.0,,,,,
2252,05/03/17 06:30:00 AM,62.083,200.0,,,,,
2253,05/03/17 07:00:00 AM,63.455,288.0,,,,,
2254,05/03/17 07:30:00 AM,69.107,768.0,,,,,
2255,05/03/17 08:00:00 AM,80.382,3584.0,,,,,
2256,05/03/17 08:30:00 AM,91.987,5888.0,,,,,
2257,05/03/17 09:00:00 AM,103.923,7936.0,,,,,
2258,05/03/17 09:30:00 AM,113.814,10240.0,,,,,
2259,05/03/17 10:00:00 AM,123.071,12288.0,,,,,
2260,05/03/17 10:30:00 AM,130.386,14848.0,,,,,
2261,05/03/17 11:00:00 AM,136.641,16384.0,,,,,
2262,05/03/17 11:30:00 AM,143.454,18432.0,,,,,
2263,05/03/17 12:00:00 PM,149.191,20480.0,,,,,
2264,05/03/17 12:30:00 PM,152.425,21504.0,,,,,
2265,05/03/17 01:00:00 PM,153.163,21504.0,,,,,
2266,05/03/17 01:30:00 PM,153.910,21504.0,,,,,
2267,05/03/17 02:00:00 PM,153.910,21504.0,,,,,
2268,05/03/17 02:30:00 PM,152.058,19456.0,,,,,
2269,05/03/17 03:00:00 PM,148.145,18432.0,,,,,
2270,05/03/17 03:30:00 PM,145.094,17408.0,,,,,
2271,05/03/17 04:00:00 PM,139.969,15360.0,,,,,
2272,05/03/17 04:30:00 PM,132.044,12288.0,,,,,
2273,05/03/17 05:00:00 PM,125.096,9728.0,,,,,
2274,05/03/17 05:30:00 PM,117.498,7168.0,,,,,
2275,05/03/17 06:00:00 PM,108.964,1984.0,,,,,
2276,05/03/17 06:30:00 PM,91.612,224.0,,,,,
2277,05/03/17 07:00:00 PM,85.554,152.0,,,,,
2278,05/03/17 07:30:00 PM,81.621,40.0,,,,,
2279,05/03/17 08:00:00 PM,78.274,0.0,,,,,
2280,05/03/17 08:30:00 PM,76.181,0.0,,,,,
2281,05/03/17 09:00:00 PM,74.271,0.0,,,,,
2282,05/03/17 09:30:00 PM,72.718,0.0,,,,,
2283,05/03/17 10:00:00 PM,71.683,0.0,,,,,
2284,05/03/17 10:30:00 PM,70.308,0.0,,,,,
2285,05/03/17 11:00:00 PM,68.934,0.0,,,,,
2286,05/03/17 11:30:00 PM,67.050,0.0,,,,,
2287,05/04/17 12:00:00 AM,66.193,0.0,,,,,
2288,05/04/17 12:30:00 AM,64.481,0.0,,,,,
2289,05/04/17 01:00:00 AM,62.254,0.0,,,,,
2290,05/04/17 01:30:00 AM,61.398,0.0,,,,,
2291,05/04/17 02:00:00 AM,60.195,0.0,,,,,
2292,05/04/17 02:30:00 AM,59.164,0.0,,,,,
2293,05/04/17 03:00:00 AM,58.993,0.0,,,,,
2294,05/04/17 03:30:00 AM,58.647,0.0,,,,,
2295,05/04/17 04:00:00 AM,57.785,0.0,,,,,
2296,05/04/17 04:30:00 AM,57.614,0.0,,,,,
2297,05/04/17 05:00:00 AM,57.268,0.0,,,,,
2298,05/04/17 05:30:00 AM,56.577,0.0,,,,,
2299,05/04/17 06:00:00 AM,56.404,88.0,,,,,
2300,05/04/17 06:30:00 AM,57.096,184.0,,,,,
2301,05/04/17 07:00:00 AM,57.268,256.0,,,,,
2302,05/04/17 07:30:00 AM,64.481,608.0,,,,,
2303,05/04/17 08:00:00 AM,79.502,3456.0,,,,,
2304,05/04/17 08:30:00 AM,92.550,6144.0,,,,,
2305,05/04/17 09:00:00 AM,104.954,8192.0,,,,,
2306,05/04/17 09:30:00 AM,114.949,10240.0,,,,,
2307,05/04/17 10:00:00 AM,124.331,12800.0,,,,,
2308,05/04/17 10:30:00 AM,132.604,15360.0,,,,,
2309,05/04/17 11:00:00 AM,140.592,17408.0,,,,,
2310,05/04/17 11:30:00 AM,146.097,19456.0,,,,,
2311,05/04/17 12:00:00 PM,148.145,20480.0,,,,,
2312,05/04/17 12:30:00 PM,151.693,21504.0,,,,,
2313,05/04/17 01:00:00 PM,154.288,22528.0,,,,,
2314,05/04/17 01:30:00 PM,155.430,22528.0,,,,,
2315,05/04/17 02:00:00 PM,153.910,21504.0,,,,,
2316,05/04/17 02:30:00 PM,153.163,20480.0,,,,,
2317,05/04/17 03:00:00 PM,149.542,19456.0,,,,,
2318,05/04/17 03:30:00 PM,144.433,17408.0,,,,,
2319,05/04/17 04:00:00 PM,139.048,14848.0,,,,,
2320,05/04/17 04:30:00 PM,132.044,12288.0,,,,,
2321,05/04/17 05:00:00 PM,126.648,9728.0,,,,,
2322,05/04/17 05:30:00 PM,117.732,7168.0,,,,,
2323,05/04/17 06:00:00 PM,109.828,2176.0,,,,,
2324,05/04/17 06:30:00 PM,92.174,216.0,,,,,
2325,05/04/17 07:00:00 PM,85.194,144.0,,,,,
2326,05/04/17 07:30:00 PM,79.678,36.0,,,,,
2327,05/04/17 08:00:00 PM,76.006,0.0,,,,,
2328,05/04/17 08:30:00 PM,73.234,0.0,,,,,
2329,05/04/17 09:00:00 PM,71.512,0.0,,,,,
2330,05/04/17 09:30:00 PM,69.622,0.0,,,,,
2331,05/04/17 10:00:00 PM,68.421,0.0,,,,,
2332,05/04/17 10:30:00 PM,66.879,0.0,,,,,
2333,05/04/17 11:00:00 PM,65.851,0.0,,,,,
2334,05/04/17 11:30:00 PM,64.825,0.0,,,,,
2335,05/05/17 12:00:00 AM,64.481,0.0,,,,,
2336,05/05/17 12:30:00 AM,64.825,0.0,,,,,
2337,05/05/17 01:00:00 AM,66.193,0.0,,,,,
2338,05/05/17 01:30:00 AM,63.797,0.0,,,,,
2339,05/05/17 02:00:00 AM,62.425,0.0,,,,,
2340,05/05/17 02:30:00 AM,64.652,0.0,,,,,
2341,05/05/17 03:00:00 AM,63.111,0.0,,,,,
2342,05/05/17 03:30:00 AM,64.310,0.0,,,,,
2343,05/05/17 04:00:00 AM,64.310,0.0,,,,,
2344,05/05/17 04:30:00 AM,64.139,0.0,,,,,
2345,05/05/17 05:00:00 AM,63.968,0.0,,,,,
2346,05/05/17 05:30:00 AM,63.626,1.0,,,,,
2347,05/05/17 06:00:00 AM,63.968,107.0,,,,,
2348,05/05/17 06:30:00 AM,63.797,216.0,,,,,
2349,05/05/17 07:00:00 AM,64.481,336.0,,,,,
2350,05/05/17 07:30:00 AM,69.793,608.0,,,,,
2351,05/05/17 08:00:00 AM,82.686,3840.0,,,,,
2352,05/05/17 08:30:00 AM,94.825,6144.0,,,,,
2353,05/05/17 09:00:00 AM,106.205,7936.0,,,,,
2354,05/05/17 09:30:00 AM,115.867,10240.0,,,,,
2355,05/05/17 10:00:00 AM,124.585,12800.0,,,,,
2356,05/05/17 10:30:00 AM,131.211,14336.0,,,,,
2357,05/05/17 11:00:00 AM,135.174,16384.0,,,,,
2358,05/05/17 11:30:00 AM,139.048,16384.0,,,,,
2359,05/05/17 12:00:00 PM,141.850,16384.0,,,,,
2360,05/05/17 12:30:00 PM,143.454,19456.0,,,,,
2361,05/05/17 01:00:00 PM,143.780,19456.0,,,,,
2362,05/05/17 01:30:00 PM,146.097,21504.0,,,,,
2363,05/05/17 02:00:00 PM,136.346,14848.0,,,,,
2364,05/05/17 02:30:00 PM,144.106,21504.0,,,,,
2365,05/05/17 03:00:00 PM,133.736,13312.0,,,,,
2366,05/05/17 03:30:00 PM,120.848,6400.0,,,,,
2367,05/05/17 04:00:00 PM,112.467,3456.0,,,,,
2368,05/05/17 04:30:00 PM,104.333,4608.0,,,,,
2369,05/05/17 05:00:00 PM,99.687,3584.0,,,,,
2370,05/05/17 05:30:00 PM,97.720,4352.0,,,,,
2371,05/05/17 06:00:00 PM,93.493,1728.0,,,,,
2372,05/05/17 06:30:00 PM,88.099,1024.0,,,,,
2373,05/05/17 07:00:00 PM,84.474,496.0,,,,,
2374,05/05/17 07:30:00 PM,80.559,19.0,,,,,
2375,05/05/17 08:00:00 PM,77.225,0.0,,,,,
2376,05/05/17 08:30:00 PM,73.753,0.0,,,,,
2377,05/05/17 09:00:00 PM,71.339,0.0,,,,,
2378,05/05/17 09:30:00 PM,70.824,0.0,,,,,
2379,05/05/17 10:00:00 PM,71.512,0.0,,,,,
2380,05/05/17 10:30:00 PM,71.168,0.0,,,,,
2381,05/05/17 11:00:00 PM,70.137,0.0,,,,,
2382,05/05/17 11:30:00 PM,68.077,0.0,,,,,
2383,05/06/17 12:00:00 AM,67.050,0.0,,,,,
2384,05/06/17 12:30:00 AM,65.851,0.0,,,,,
2385,05/06/17 01:00:00 AM,65.167,0.0,,,,,
2386,05/06/17 01:30:00 AM,64.652,0.0,,,,,
2387,05/06/17 02:00:00 AM,63.797,0.0,,,,,
2388,05/06/17 02:30:00 AM,63.282,0.0,,,,,
2389,05/06/17 03:00:00 AM,62.598,0.0,,,,,
2390,05/06/17 03:30:00 AM,61.741,0.0,,,,,
2391,05/06/17 04:00:00 AM,61.054,0.0,,,,,
2392,05/06/17 04:30:00 AM,60.368,0.0,,,,,
2393,05/06/17 05:00:00 AM,60.195,0.0,,,,,
2394,05/06/17 05:30:00 AM,59.508,0.0,,,,,
2395,05/06/17 06:00:00 AM,59.164,110.0,,,,,
2396,05/06/17 06:30:00 AM,59.337,232.0,,,,,
2397,05/06/17 07:00:00 AM,59.851,400.0,,,,,
2398,05/06/17 07:30:00 AM,63.626,672.0,,,,,
2399,05/06/17 08:00:00 AM,76.528,3968.0,,,,,
2400,05/06/17 08:30:00 AM,87.915,6144.0,,,,,
2401,05/06/17 09:00:00 AM,98.503,7936.0,,,,,
2402,05/06/17 09:30:00 AM,108.964,10240.0,,,,,
2403,05/06/17 10:00:00 AM,116.330,12288.0,,,,,
2404,05/06/17 10:30:00 AM,125.353,14336.0,,,,,
2405,05/06/17 11:00:00 AM,127.434,14336.0,,,,,
2406,05/06/17 11:30:00 AM,130.113,18432.0,,,,,
2407,05/06/17 12:00:00 PM,137.534,21504.0,,,,,
2408,05/06/17 12:30:00 PM,140.592,21504.0,,,,,
2409,05/06/17 01:00:00 PM,136.641,2688.0,,,,,
2410,05/06/17 01:30:00 PM,141.219,21504.0,,,,,
2411,05/06/17 02:00:00 PM,141.534,21504.0,,,,,
2412,05/06/17 02:30:00 PM,127.434,21504.0,,,,,
2413,05/06/17 03:00:00 PM,132.885,18432.0,,,,,
2414,05/06/17 03:30:00 PM,118.206,14336.0,,,,,
2415,05/06/17 04:00:00 PM,103.104,4864.0,,,,,
2416,05/06/17 04:30:00 PM,96.555,4864.0,,,,,
2417,05/06/17 05:00:00 PM,87.368,1664.0,,,,,
2418,05/06/17 05:30:00 PM,84.474,2176.0,,,,,
2419,05/06/17 06:00:00 PM,79.151,768.0,,,,,
2420,05/06/17 06:30:00 PM,75.484,576.0,,,,,
2421,05/06/17 07:00:00 PM,69.622,208.0,,,,,
2422,05/06/17 07:30:00 PM,66.022,28.0,,,,,
2423,05/06/17 08:00:00 PM,63.455,0.0,,,,,
2424,05/06/17 08:30:00 PM,59.508,0.0,,,,,
2425,05/06/17 09:00:00 PM,57.268,0.0,,,,,
2426,05/06/17 09:30:00 PM,55.364,0.0,,,,,
2427,05/06/17 10:00:00 PM,53.100,0.0,,,,,
2428,05/06/17 10:30:00 PM,49.937,0.0,,,,,
2429,05/06/17 11:00:00 PM,48.517,0.0,,,,,
2430,05/06/17 11:30:00 PM,48.339,0.0,,,,,
2431,05/07/17 12:00:00 AM,44.922,0.0,,,,,
2432,05/07/17 12:30:00 AM,42.732,0.0,,,,,
2433,05/07/17 01:00:00 AM,40.881,0.0,,,,,
2434,05/07/17 01:30:00 AM,39.007,0.0,,,,,
2435,05/07/17 02:00:00 AM,39.947,0.0,,,,,
2436,05/07/17 02:30:00 AM,39.384,0.0,,,,,
2437,05/07/17 03:00:00 AM,39.007,0.0,,,,,
2438,05/07/17 03:30:00 AM,38.629,0.0,,,,,
2439,05/07/17 04:00:00 AM,38.061,0.0,,,,,
2440,05/07/17 04:30:00 AM,37.488,0.0,,,,,
2441,05/07/17 05:00:00 AM,37.107,0.0,,,,,
2442,05/07/17 05:30:00 AM,36.723,0.0,,,,,
2443,05/07/17 06:00:00 AM,36.338,97.0,,,,,
2444,05/07/17 06:30:00 AM,36.914,232.0,,,,,
2445,05/07/17 07:00:00 AM,38.061,464.0,,,,,
2446,05/07/17 07:30:00 AM,42.915,1728.0,,,,,
2447,05/07/17 08:00:00 AM,57.441,5376.0,,,,,
2448,05/07/17 08:30:00 AM,70.308,7424.0,,,,,
2449,05/07/17 09:00:00 AM,82.152,9216.0,,,,,
2450,05/07/17 09:30:00 AM,92.174,11264.0,,,,,
2451,05/07/17 10:00:00 AM,94.825,13824.0,,,,,
2452,05/07/17 10:30:00 AM,103.512,17408.0,,,,,
2453,05/07/17 11:00:00 AM,99.093,15360.0,,,,,
2454,05/07/17 11:30:00 AM,120.605,20480.0,,,,,
2455,05/07/17 12:00:00 PM,125.096,24576.0,,,,,
2456,05/07/17 12:30:00 PM,120.605,22528.0,,,,,
2457,05/07/17 01:00:00 PM,127.963,22528.0,,,,,
2458,05/07/17 01:30:00 PM,125.868,4096.0,,,,,
2459,05/07/17 02:00:00 PM,131.765,22528.0,,,,,
2460,05/07/17 02:30:00 PM,128.496,21504.0,,,,,
2461,05/07/17 03:00:00 PM,126.127,9216.0,,,,,
2462,05/07/17 03:30:00 PM,121.829,8704.0,,,,,
2463,05/07/17 04:00:00 PM,107.046,14848.0,,,,,
2464,05/07/17 04:30:00 PM,84.834,704.0,,,,,
2465,05/07/17 05:00:00 PM,90.495,1792.0,,,,,
2466,05/07/17 05:30:00 PM,84.474,4352.0,,,,,
2467,05/07/17 06:00:00 PM,69.622,1920.0,,,,,
2468,05/07/17 06:30:00 PM,59.680,248.0,,,,,
2469,05/07/17 07:00:00 PM,54.147,136.0,,,,,
2470,05/07/17 07:30:00 PM,49.937,38.0,,,,,
2471,05/07/17 08:00:00 PM,46.369,0.0,,,,,
2472,05/07/17 08:30:00 PM,44.922,0.0,,,,,
2473,05/07/17 09:00:00 PM,44.195,0.0,,,,,
2474,05/07/17 09:30:00 PM,43.466,0.0,,,,,
2475,05/07/17 10:00:00 PM,42.179,0.0,,,,,
2476,05/07/17 10:30:00 PM,40.881,0.0,,,,,
2477,05/07/17 11:00:00 PM,40.134,0.0,,,,,
2478,05/07/17 11:30:00 PM,43.282,0.0,,,,,
2479,05/08/17 12:00:00 AM,43.466,0.0,,,,,
2480,05/08/17 12:30:00 AM,43.466,0.0,,,,,
2481,05/08/17 01:00:00 AM,43.466,0.0,,,,,
2482,05/08/17 01:30:00 AM,43.099,0.0,,,,,
2483,05/08/17 02:00:00 AM,42.915,0.0,,,,,
2484,05/08/17 02:30:00 AM,42.548,0.0,,,,,
2485,05/08/17 03:00:00 AM,42.363,0.0,,,,,
2486,05/08/17 03:30:00 AM,41.994,0.0,,,,,
2487,05/08/17 04:00:00 AM,42.179,0.0,,,,,
2488,05/08/17 04:30:00 AM,42.732,0.0,,,,,
2489,05/08/17 05:00:00 AM,40.321,0.0,,,,,
2490,05/08/17 05:30:00 AM,41.067,1.0,,,,,
2491,05/08/17 06:00:00 AM,42.915,304.0,,,,,
2492,05/08/17 06:30:00 AM,45.828,432.0,,,,,
2493,05/08/17 07:00:00 AM,46.008,480.0,,,,,
2494,05/08/17 07:30:00 AM,48.339,960.0,,,,,
2495,05/08/17 08:00:00 AM,64.825,5888.0,,,,,
2496,05/08/17 08:30:00 AM,78.975,7168.0,,,,,
2497,05/08/17 09:00:00 AM,88.650,9216.0,,,,,
2498,05/08/17 09:30:00 AM,99.093,11264.0,,,,,
2499,05/08/17 10:00:00 AM,108.964,12800.0,,,,,
2500,05/08/17 10:30:00 AM,114.721,15360.0,,,,,
2501,05/08/17 11:00:00 AM,120.362,17408.0,,,,,
2502,05/08/17 11:30:00 AM,126.387,18432.0,,,,,
2503,05/08/17 12:00:00 PM,128.763,19456.0,,,,,
2504,05/08/17 12:30:00 PM,134.308,20480.0,,,,,
2505,05/08/17 01:00:00 PM,132.323,20480.0,,,,,
2506,05/08/17 01:30:00 PM,134.308,20480.0,,,,,
2507,05/08/17 02:00:00 PM,134.308,19456.0,,,,,
2508,05/08/17 02:30:00 PM,134.308,18432.0,,,,,
2509,05/08/17 03:00:00 PM,130.935,17408.0,,,,,
2510,05/08/17 03:30:00 PM,129.031,15872.0,,,,,
2511,05/08/17 04:00:00 PM,121.582,13312.0,,,,,
2512,05/08/17 04:30:00 PM,105.786,1600.0,,,,,
2513,05/08/17 05:00:00 PM,110.264,9728.0,,,,,
2514,05/08/17 05:30:00 PM,101.082,1408.0,,,,,
2515,05/08/17 06:00:00 PM,90.495,1344.0,,,,,
2516,05/08/17 06:30:00 PM,73.234,352.0,,,,,
2517,05/08/17 07:00:00 PM,68.077,256.0,,,,,
2518,05/08/17 07:30:00 PM,64.139,34.0,,,,,
2519,05/08/17 08:00:00 PM,61.569,0.0,,,,,
2520,05/08/17 08:30:00 PM,59.851,0.0,,,,,
2521,05/08/17 09:00:00 PM,58.131,0.0,,,,,
2522,05/08/17 09:30:00 PM,56.923,0.0,,,,,
2523,05/08/17 10:00:00 PM,57.096,0.0,,,,,
2524,05/08/17 10:30:00 PM,57.441,0.0,,,,,
2525,05/08/17 11:00:00 PM,56.404,0.0,,,,,
2526,05/08/17 11:30:00 PM,56.923,0.0,,,,,
2527,05/09/17 12:00:00 AM,56.230,0.0,,,,,
2528,05/09/17 12:30:00 AM,56.230,0.0,,,,,
2529,05/09/17 01:00:00 AM,55.884,0.0,,,,,
2530,05/09/17 01:30:00 AM,55.017,0.0,,,,,
2531,05/09/17 02:00:00 AM,54.147,0.0,,,,,
2532,05/09/17 02:30:00 AM,52.750,0.0,,,,,
2533,05/09/17 03:00:00 AM,50.466,0.0,,,,,
2534,05/09/17 03:30:00 AM,47.624,0.0,,,,,
2535,05/09/17 04:00:00 AM,45.286,0.0,,,,,
2536,05/09/17 04:30:00 AM,43.831,0.0,,,,,
2537,05/09/17 05:00:00 AM,43.099,0.0,,,,,
2538,05/09/17 05:30:00 AM,43.099,1.0,,,,,
2539,05/09/17 06:00:00 AM,45.648,136.0,,,,,
2540,05/09/17 06:30:00 AM,46.188,320.0,,,,,
2541,05/09/17 07:00:00 AM,47.624,480.0,,,,,
2542,05/09/17 07:30:00 AM,55.884,2176.0,,,,,
2543,05/09/17 08:00:00 AM,68.421,4608.0,,,,,
2544,05/09/17 08:30:00 AM,67.735,2304.0,,,,,
2545,05/09/17 09:00:00 AM,71.339,3200.0,,,,,
2546,05/09/17 09:30:00 AM,72.718,4096.0,,,,,
2547,05/09/17 10:00:00 AM,68.421,3840.0,,,,,
2548,05/09/17 10:30:00 AM,66.708,2688.0,,,,,
2549,05/09/17 11:00:00 AM,82.330,8192.0,,,,,
2550,05/09/17 11:30:00 AM,101.082,20480.0,,,,,
2551,05/09/17 12:00:00 PM,103.307,7424.0,,,,,
2552,05/09/17 12:30:00 PM,81.621,2816.0,,,,,
2553,05/09/17 01:00:00 PM,76.181,2944.0,,,,,
2554,05/09/17 01:30:00 PM,82.864,4864.0,,,,,
2555,05/09/17 02:00:00 PM,90.495,6656.0,,,,,
2556,05/09/17 02:30:00 PM,81.266,3200.0,,,,,
2557,05/09/17 03:00:00 PM,78.624,3712.0,,,,,
2558,05/09/17 03:30:00 PM,70.308,2944.0,,,,,
2559,05/09/17 04:00:00 PM,75.139,3200.0,,,,,
2560,05/09/17 04:30:00 PM,70.308,2432.0,,,,,
2561,05/09/17 05:00:00 PM,68.248,1024.0,,,,,
2562,05/09/17 05:30:00 PM,64.825,1728.0,,,,,
2563,05/09/17 06:00:00 PM,63.626,1792.0,,,,,
2564,05/09/17 06:30:00 PM,62.254,1024.0,,,,,
2565,05/09/17 07:00:00 PM,58.993,416.0,,,,,
2566,05/09/17 07:30:00 PM,56.057,56.0,,,,,
2567,05/09/17 08:00:00 PM,53.274,0.0,,,,,
2568,05/09/17 08:30:00 PM,53.274,0.0,,,,,
2569,05/09/17 09:00:00 PM,52.750,0.0,,,,,
2570,05/09/17 09:30:00 PM,50.819,0.0,,,,,
2571,05/09/17 10:00:00 PM,49.937,0.0,,,,,
2572,05/09/17 10:30:00 PM,50.466,0.0,,,,,
2573,05/09/17 11:00:00 PM,51.699,0.0,,,,,
2574,05/09/17 11:30:00 PM,51.699,0.0,,,,,
2575,05/10/17 12:00:00 AM,51.346,0.0,,,,,
2576,05/10/17 12:30:00 AM,51.523,0.0,,,,,
2577,05/10/17 01:00:00 AM,50.995,0.0,,,,,
2578,05/10/17 01:30:00 AM,48.871,0.0,,,,,
2579,05/10/17 02:00:00 AM,44.922,0.0,,,,,
2580,05/10/17 02:30:00 AM,47.982,0.0,,,,,
2581,05/10/17 03:00:00 AM,49.404,0.0,,,,,
2582,05/10/17 03:30:00 AM,48.871,0.0,,,,,
2583,05/10/17 04:00:00 AM,48.695,0.0,,,,,
2584,05/10/17 04:30:00 AM,49.050,0.0,,,,,
2585,05/10/17 05:00:00 AM,49.404,0.0,,,,,
2586,05/10/17 05:30:00 AM,47.266,2.0,,,,,
2587,05/10/17 06:00:00 AM,44.013,105.0,,,,,
2588,05/10/17 06:30:00 AM,44.742,304.0,,,,,
2589,05/10/17 07:00:00 AM,46.728,432.0,,,,,
2590,05/10/17 07:30:00 AM,56.404,3200.0,,,,,
2591,05/10/17 08:00:00 AM,68.421,2816.0,,,,,
2592,05/10/17 08:30:00 AM,81.442,6912.0,,,,,
2593,05/10/17 09:00:00 AM,92.550,8704.0,,,,,
2594,05/10/17 09:30:00 AM,91.987,10240.0,,,,,
2595,05/10/17 10:00:00 AM,104.540,14336.0,,,,,
2596,05/10/17 10:30:00 AM,115.178,6144.0,,,,,
2597,05/10/17 11:00:00 AM,124.331,17408.0,,,,,
2598,05/10/17 11:30:00 AM,93.682,6656.0,,,,,
2599,05/10/17 12:00:00 PM,121.093,17408.0,,,,,
2600,05/10/17 12:30:00 PM,105.577,14336.0,,,,,
2601,05/10/17 01:00:00 PM,103.923,5632.0,,,,,
2602,05/10/17 01:30:00 PM,130.935,19456.0,,,,,
2603,05/10/17 02:00:00 PM,133.167,19456.0,,,,,
2604,05/10/17 02:30:00 PM,133.167,18432.0,,,,,
2605,05/10/17 03:00:00 PM,129.301,17408.0,,,,,
2606,05/10/17 03:30:00 PM,126.648,15872.0,,,,,
2607,05/10/17 04:00:00 PM,120.605,13312.0,,,,,
2608,05/10/17 04:30:00 PM,115.178,11264.0,,,,,
2609,05/10/17 05:00:00 PM,108.536,8704.0,,,,,
2610,05/10/17 05:30:00 PM,99.489,6400.0,,,,,
2611,05/10/17 06:00:00 PM,89.569,384.0,,,,,
2612,05/10/17 06:30:00 PM,72.545,256.0,,,,,
2613,05/10/17 07:00:00 PM,67.906,176.0,,,,,
2614,05/10/17 07:30:00 PM,63.968,56.0,,,,,
2615,05/10/17 08:00:00 PM,60.539,0.0,,,,,
2616,05/10/17 08:30:00 PM,58.131,0.0,,,,,
2617,05/10/17 09:00:00 PM,56.404,0.0,,,,,
2618,05/10/17 09:30:00 PM,55.364,0.0,,,,,
2619,05/10/17 10:00:00 PM,54.147,0.0,,,,,
2620,05/10/17 10:30:00 PM,54.147,0.0,,,,,
2621,05/10/17 11:00:00 PM,52.925,0.0,,,,,
2622,05/10/17 11:30:00 PM,51.172,0.0,,,,,
2623,05/11/17 12:00:00 AM,50.466,0.0,,,,,
2624,05/11/17 12:30:00 AM,49.050,0.0,,,,,
2625,05/11/17 01:00:00 AM,48.160,0.0,,,,,
2626,05/11/17 01:30:00 AM,47.266,0.0,,,,,
2627,05/11/17 02:00:00 AM,47.266,0.0,,,,,
2628,05/11/17 02:30:00 AM,46.908,0.0,,,,,
2629,05/11/17 03:00:00 AM,46.548,0.0,,,,,
2630,05/11/17 03:30:00 AM,45.828,0.0,,,,,
2631,05/11/17 04:00:00 AM,45.648,0.0,,,,,
2632,05/11/17 04:30:00 AM,45.466,0.0,,,,,
2633,05/11/17 05:00:00 AM,44.922,0.0,,,,,
2634,05/11/17 05:30:00 AM,44.560,7.0,,,,,
2635,05/11/17 06:00:00 AM,44.922,125.0,,,,,
2636,05/11/17 06:30:00 AM,46.008,232.0,,,,,
2637,05/11/17 07:00:00 AM,47.802,480.0,,,,,
2638,05/11/17 07:30:00 AM,61.227,3456.0,,,,,
2639,05/11/17 08:00:00 AM,73.062,2432.0,,,,,
2640,05/11/17 08:30:00 AM,89.384,7168.0,,,,,
2641,05/11/17 09:00:00 AM,99.687,9216.0,,,,,
2642,05/11/17 09:30:00 AM,108.964,10752.0,,,,,
2643,05/11/17 10:00:00 AM,117.498,13312.0,,,,,
2644,05/11/17 10:30:00 AM,124.840,14848.0,,,,,
2645,05/11/17 11:00:00 AM,132.044,16384.0,,,,,
2646,05/11/17 11:30:00 AM,137.235,18432.0,,,,,
2647,05/11/17 12:00:00 PM,141.534,19456.0,,,,,
2648,05/11/17 12:30:00 PM,110.919,432.0,,,,,
2649,05/11/17 01:00:00 PM,109.612,272.0,,,,,
2650,05/11/17 01:30:00 PM,106.414,208.0,,,,,
2651,05/11/17 02:00:00 PM,102.697,160.0,,,,,
2652,05/11/17 02:30:00 PM,99.291,128.0,,,,,
2653,05/11/17 03:00:00 PM,95.976,121.0,,,,,
2654,05/11/17 03:30:00 PM,94.062,107.0,,,,,
2655,05/11/17 04:00:00 PM,91.800,96.0,,,,,
2656,05/11/17 04:30:00 PM,89.384,85.0,,,,,
2657,05/11/17 05:00:00 PM,87.368,74.0,,,,,
2658,05/11/17 05:30:00 PM,85.374,63.0,,,,,
2659,05/11/17 06:00:00 PM,84.834,2.0,,,,,
2660,05/11/17 06:30:00 PM,78.449,0.0,,,,,
2661,05/11/17 07:00:00 PM,76.181,0.0,,,,,
2662,05/11/17 07:30:00 PM,74.791,0.0,,,,,
2663,05/11/17 08:00:00 PM,73.407,0.0,,,,,
2664,05/11/17 08:30:00 PM,70.651,0.0,,,,,
2665,05/11/17 09:00:00 PM,72.718,0.0,,,,,
2666,05/11/17 09:00:41 PM,,,Logged,,,,
2667,05/11/17 09:00:45 PM,,,,,Logged,,
2668,05/11/17 09:01:03 PM,,,,,,Logged,Logged
